0.0 0.09375834465026855
0.0 0.46885228157043457
0.0 0.7188572883605957
0.0 0.8437685966491699
0.0 1.1403908729553223
0.0 1.3122267723083496
0.0 1.5467276573181152
0.0 1.6090319156646729
0.0 1.6572465896606445
0.0 1.7197489738464355
0.0 1.8759191036224365
0.0 2.11049485206604
0.0 2.4854166507720947
0.0 2.610384464263916
0.0 2.735349655151367
0.0 2.860095977783203
0.0 3.110248565673828
0.0 3.235229015350342
0.0 3.3602101802825928
0.0 3.4851863384246826
0.0 3.594531536102295
0.0 3.8611528873443604
0.0 3.8923959732055664
0.0 4.142362356185913
0.0 4.642430543899536
0.0 5.124962091445923
0.0 5.281179428100586
0.0 5.531381845474243
0.0 5.925177097320557
0.0 6.050362586975098
0.0 6.175296306610107
0.0 6.53464412689209
0.0 6.706244707107544
0.0 6.721865892410278
0.0 6.846814155578613
0.0 6.971809387207031
0.0 7.018673658370972
0.0 7.51873517036438
0.0 7.755369424819946
0.0 8.005522727966309
0.0 8.130491018295288
0.0 8.347924947738647
0.0 8.709550142288208
0.0 8.850139379501343
0.0 8.990729093551636
0.0 9.262238025665283
0.0 9.371766805648804
0.0 9.47514033317566
0.0 9.623770952224731
0.0 9.728464126586914
0.0 9.852160453796387
0.0 9.956854820251465
0.0 10.001734018325806
0.0 10.30791711807251
0.0 10.428593873977661
0.0 10.634045600891113
0.0 11.14368748664856
0.0 11.567807912826538
0.0 11.873990535736084
0.0 12.416572093963623
0.0 12.521284103393555
0.0 12.624011278152466
0.0 12.665902137756348
0.0 12.900275468826294
0.0 13.049877405166626
0.0 13.658667802810669
0.0 14.0137197971344
0.0 14.117441892623901
0.0 14.437586784362793
0.0 14.542307615280151
0.0 14.907628774642944
0.0 15.049249172210693
0.0 15.166716814041138
0.0 15.282593727111816
0.0 15.487047672271729
0.0 15.626190185546875
0.0 15.766896724700928
0.0 15.881803750991821
0.0 16.14380168914795
0.0 16.273722171783447
0.0 16.480170965194702
0.0 16.685622692108154
0.0 16.831768035888672
0.0 16.983363389968872
0.0 17.087087392807007
0.0 17.21882438659668
0.0 17.751176834106445
0.0 18.077511072158813
0.0 18.383691787719727
0.0 18.489413738250732
0.0 18.60984230041504
0.0 18.71470856666565
0.0 18.837522268295288
0.0 18.978142738342285
0.0 19.297344207763672
0.0 19.832876682281494
0.0 19.96186089515686
0.0 20.010231018066406
0.0 20.12627649307251
0.0 20.171156644821167
0.0 20.63604426383972
0.0 20.792280435562134
0.0 20.907795190811157
0.0 21.1172354221344
0.0 21.223951816558838
0.0 21.33682155609131
0.0 21.499958992004395
0.0 21.739798069000244
0.0 21.876014709472656
0.0 22.229387521743774
0.0 22.458158016204834
0.0 22.887012004852295
0.0 23.194191217422485
0.0 23.439536333084106
0.0 23.646982669830322
0.0 23.863405466079712
0.0 24.269320487976074
0.0 25.892979621887207
0.0 26.014654397964478
0.0 27.135178089141846
0.0 27.340641498565674
0.0 27.847452402114868
0.0 28.055187940597534
0.0 28.159908771514893
0.0 28.371633529663086
0.0 28.825000524520874
0.0 28.86491894721985
0.0 28.985901355743408
0.0 29.141729593276978
0.0 29.657558917999268
0.0 29.798171043395996
0.0 30.105348825454712
0.0 30.267740726470947
0.0 30.472739458084106
0.0 30.67732834815979
0.0 30.722208499908447
0.0 30.82692837715149
0.0 30.95614528656006
0.0 31.16765594482422
0.0 31.372634887695312
0.0 31.47482657432556
0.0 31.579558610916138
0.0 31.683282136917114
0.0 32.030357122421265
0.0 33.14440155029297
0.0 33.24913239479065
0.0 33.68943548202515
0.0 35.40961718559265
0.0 35.51294827461243
0.0 35.54637145996094
0.0 35.672598361968994
0.0 35.781378984451294
0.0 35.88514161109924
0.0 36.01034164428711
0.0 36.25392413139343
0.0 36.36576461791992
0.0 36.49555468559265
0.0 36.71182823181152
0.0 36.740323543548584
0.0 37.28165864944458
0.0 37.48432111740112
0.0 38.16928458213806
0.0 38.376752853393555
0.0 38.48845553398132
0.0 38.616113901138306
0.0 38.65999674797058
0.0 38.7647168636322
0.0 39.00407814979553
0.0 39.21853065490723
0.0 39.52768015861511
0.0 39.68451189994812
0.0 39.812171459198
0.0 40.01762294769287
0.0 40.14741325378418
0.0 41.6676025390625
0.0 42.27597784996033
0.0 42.39565849304199
0.0 42.4475200176239
0.0 42.66394233703613
0.0 42.792598247528076
0.0 42.996055364608765
0.0 43.13767766952515
0.0 43.375977516174316
0.0 43.39330315589905
0.0 43.52574324607849
0.0 43.934651613235474
0.0 44.03737735748291
0.0 44.88312387466431
0.0 45.39375615119934
0.0 46.10386037826538
0.0 46.217556953430176
0.0 46.32227826118469
0.0 47.150073766708374
0.0 47.266762256622314
0.0 48.19025897979736
0.0 48.41568565368652
0.0 48.51940941810608
0.0 48.65706825256348
0.0 48.76095724105835
0.0 48.865673303604126
0.0 49.292121171951294
0.0 50.12207651138306
0.0 50.37141299247742
0.0 50.5835907459259
0.0 50.90312957763672
0.0 51.01981806755066
0.0 51.23401689529419
0.0 52.06618523597717
0.0 52.37136459350586
0.0 52.475088119506836
0.0 52.57980823516846
0.0 52.78907823562622
0.0 52.89379858970642
0.0 52.99752140045166
0.0 53.243891954422
0.0 53.350579261779785
0.0 53.87439322471619
0.0 54.000159740448
0.0 54.20773482322693
0.0 55.04712462425232
0.0 55.162776947021484
0.0 55.26979637145996
0.0 55.42203140258789
0.0 55.52575445175171
0.0 55.73120665550232
0.0 55.73619270324707
0.0 55.84091329574585
0.0 56.04436898231506
0.0 56.25281262397766
0.0 56.393439054489136
0.0 56.52874732017517
0.0 56.56465148925781
0.0 56.667492628097534
0.0 56.908849000930786
0.0 57.13724064826965
0.0 57.26934790611267
0.0 57.39703154563904
0.0 57.50172710418701
0.0 57.65132737159729
0.0 57.857776403427124
0.0 58.073201179504395
0.0 58.17893195152283
0.0 58.38636898994446
0.0 58.71857190132141
0.0 58.823293685913086
0.0 58.94995403289795
0.0 59.25614023208618
0.0 59.27807807922363
0.0 59.512452840805054
0.0 59.65307831764221
0.0 61.307323932647705
0.0 62.132609605789185
0.0 62.33763599395752
0.0 62.388500452041626
0.0 62.51468348503113
0.0 62.67141127586365
0.0 62.92307257652283
0.0 63.12868547439575
0.0 63.23340654373169
0.0 63.439857006073
0.0 63.55727791786194
0.0 63.600226163864136
0.0 63.638062953948975
0.0 63.77010440826416
0.0 63.89530086517334
0.0 64.1730089187622
0.0 64.45539903640747
0.0 64.61158537864685
0.0 64.83804702758789
0.0 65.07904958724976
0.0 65.43028903007507
0.0 65.55522847175598
0.0 65.84360527992249
0.0 65.87484884262085
0.0 65.92171216011047
0.0 65.93733263015747
0.0 66.06253576278687
0.0 66.18727660179138
0.0 66.32784008979797
0.0 66.45301604270935
0.0 66.57789993286133
0.0 66.8194797039032
0.0 66.94444465637207
0.0 67.46957635879517
0.0 67.594642162323
0.0 67.69807624816895
0.0 67.94578766822815
0.0 68.5182421207428
0.0 68.65202569961548
0.0 68.76687979698181
0.0 68.79800176620483
0.0 69.02099442481995
0.0 69.14612603187561
0.0 69.28647828102112
0.0 69.31772112846375
0.0 69.4502010345459
0.0 69.55295848846436
0.0 69.66465973854065
0.0 69.86922550201416
0.0 70.07467699050903
0.0 70.17939829826355
0.0 70.38484859466553
0.0 70.48956942558289
0.0 71.91376686096191
0.0 72.2190215587616
0.0 72.32274460792542
0.0 72.44840979576111
0.0 72.65376114845276
0.0 72.69864153862
0.0 72.920823097229
0.0 73.06593728065491
0.0 74.37702703475952
0.0 74.50628590583801
0.0 74.65189719200134
0.0 74.8932523727417
0.0 74.99697542190552
0.0 75.20775985717773
0.0 75.41420793533325
0.0 75.6499433517456
0.0 76.01587057113647
0.0 76.04697275161743
0.0 76.19193935394287
0.0 76.22319984436035
0.0 76.27006459236145
0.0 76.39527535438538
0.0 76.44187259674072
0.0 76.47314167022705
0.0 76.50435876846313
0.0 76.87446618080139
0.0 77.12441420555115
0.0 77.17124652862549
0.0 77.20251607894897
0.0 77.24938035011292
0.0 77.31183815002441
0.0 77.32746076583862
0.0 77.37432479858398
0.0 77.6245334148407
0.0 81.6260256767273
0.0 81.75010967254639
0.0 81.87489914894104
0.0 81.90613722801208
0.0 82.1562922000885
0.0 82.28122854232788
0.0 82.42161703109741
0.0 82.54658699035645
0.0 82.56223821640015
0.0 82.82796001434326
0.0 82.85917711257935
0.0 82.9060697555542
0.0 83.03126525878906
0.0 83.15622019767761
0.0 83.28120589256287
0.0 83.40617084503174
0.0 83.53114986419678
0.0 83.6727728843689
0.0 83.71966600418091
0.0 83.84487628936768
0.0 83.96982789039612
0.0 83.9852032661438
0.0 84.09475612640381
0.0 84.34452438354492
0.0 84.39138650894165
0.0 84.43824982643127
0.0 84.48511672019958
0.0 84.5007095336914
0.0 84.6257894039154
0.0 84.75117206573486
0.0 84.78219246864319
0.0 84.90717363357544
0.0 84.95400142669678
0.0 85.0670804977417
0.0 85.19223475456238
0.0 85.31718754768372
0.0 85.44222092628479
0.0 85.56711888313293
0.0 85.81224727630615
0.0 86.18722176551819
0.0 86.3275773525238
0.0 86.452791929245
0.0 86.70288491249084
0.0 86.82764387130737
0.0 86.95284914970398
0.0 87.07782077789307
0.0 87.20277762413025
0.0 87.34314942359924
0.0 87.37439322471619
0.0 87.38998556137085
0.0 87.40560722351074
0.0 87.57747077941895
0.0 87.62433362007141
0.0 87.68689608573914
0.0 87.70251941680908
0.0 87.82774567604065
0.0 87.8431134223938
0.0 87.85873317718506
0.0 88.10888028144836
0.0 88.23382306098938
0.0 88.249267578125
0.0 88.37426614761353
0.0 88.62430167198181
0.0 88.67119646072388
0.0 89.21797227859497
0.0 89.34294652938843
0.0 89.389812707901
0.0 96.58973622322083
0.0 102.06013631820679
0.0 108.5408296585083
0.0 108.59069681167603
0.0 109.1003406047821
0.0 109.20405888557434
0.0 109.2340030670166
0.0 109.26788878440857
0.0 109.47234320640564
0.0 109.8802547454834
0.0 109.9171552658081
0.0 109.96801948547363
0.0 110.17446804046631
0.0 110.20239496231079
0.0 110.2502658367157
0.0 110.35698127746582
0.0 110.40285873413086
0.0 110.50757884979248
0.0 110.62526535987854
0.0 110.83371329307556
0.0 111.44607329368591
0.0 111.49993348121643
0.0 111.60764288902283
0.0 111.91482210159302
0.0 112.0185444355011
0.0 112.12226891517639
0.0 112.22699522972107
0.0 112.73563694953918
0.0 112.88324213027954
0.0 112.93510484695435
0.0 113.06675791740417
0.0 113.17047619819641
0.0 113.27422261238098
0.0 113.37894415855408
0.0 113.48368763923645
0.0 113.69112968444824
0.0 113.71107625961304
0.0 113.7459831237793
0.0 113.78587651252747
0.0 113.88959956169128
0.0 113.93148827552795
0.0 114.03620862960815
0.0 114.08507823944092
0.0 114.59473538398743
0.0 115.00761580467224
0.0 115.11333322525024
0.0 115.2180528640747
0.0 115.32377099990845
0.0 115.4284918308258
0.0 115.53420829772949
0.0 115.63892912864685
0.0 115.67685508728027
0.0 115.81446075439453
0.0 116.03985834121704
0.0 116.25329422950745
0.0 116.35701203346252
0.0 116.3769588470459
0.0 116.59141230583191
0.0 116.70109367370605
0.0 116.80581378936768
0.0 116.95441722869873
0.0 117.06013488769531
0.0 117.16684985160828
0.0 117.27057480812073
0.0 117.37429618835449
0.0 117.47901654243469
0.0 117.68346977233887
0.0 118.23400068283081
0.0 118.44044995307922
0.0 118.66884016990662
0.0 118.77256274223328
0.0 118.87828016281128
0.0 118.90919780731201
0.0 119.24430346488953
0.0 119.35101890563965
0.0 119.45474195480347
0.0 119.55946254730225
0.0 119.70108342170715
0.0 119.84071183204651
0.0 120.65354132652283
0.0 120.70042085647583
0.0 120.80415964126587
0.0 120.90887880325317
0.0 120.95276212692261
0.0 121.20010209083557
0.0 121.30482292175293
0.0 121.40954279899597
0.0 121.55515456199646
0.0 121.76060605049133
0.0 121.8005039691925
0.0 122.2333436012268
0.0 122.43879532814026
0.0 122.46971249580383
0.0 122.57343554496765
0.0 122.6861343383789
0.0 122.78985810279846
0.0 122.8945779800415
0.0 123.00030064582825
0.0 123.0431809425354
0.0 123.05817127227783
0.0 123.08606672286987
0.0 123.12396621704102
0.0 123.22768878936768
0.0 123.73733377456665
0.0 123.78918886184692
0.0 123.9188437461853
0.0 123.94579863548279
0.0 124.04949474334717
0.0 124.16319131851196
0.0 124.49630165100098
0.0 124.54118204116821
0.0 124.58805704116821
0.0 124.60999751091003
0.0 124.64390826225281
0.0 124.7506275177002
0.0 124.85434579849243
0.0 124.98699140548706
0.0 125.3959002494812
0.0 125.70710015296936
0.0 125.81179594993591
0.0 125.84371137619019
0.0 127.05819773674011
0.0 127.16391515731812
0.0 127.26863622665405
0.0 127.28459429740906
0.0 127.73916983604431
0.0 127.77706289291382
0.0 127.92566204071045
0.0 128.0384337902069
0.0 128.0877628326416
0.0 128.31618356704712
0.0 128.44346833229065
0.0 128.54806327819824
0.0 128.59493827819824
0.0 128.70389986038208
0.0 128.84212946891785
0.0 128.89299321174622
0.0 128.99671721458435
0.0 130.43660402297974
0.0 130.54132390022278
0.0 130.57623147964478
0.0 130.68146467208862
0.0 130.89090824127197
0.0 130.99462842941284
0.0 131.21105098724365
0.0 131.53319096565247
0.0 131.73864221572876
0.0 131.78352618217468
0.0 132.7439579963684
0.0 132.84768080711365
0.0 132.88657665252686
0.0 132.9145290851593
0.0 133.72635769844055
0.0 133.83007955551147
0.0 134.03453421592712
0.0 134.1402518749237
0.0 134.2449734210968
0.0 134.27489137649536
0.0 134.2848653793335
0.0 134.329745054245
0.0 134.37761855125427
0.0 134.48134016990662
0.0 134.5102834701538
0.0 134.6150050163269
0.0 134.82045722007751
0.0 135.12566423416138
0.0 135.2533242702484
0.0 135.35704731941223
0.0 135.4009301662445
0.0 135.45179438591003
0.0 135.49867272377014
0.0 135.60338950157166
0.0 135.708110332489
0.0 135.81183338165283
0.0 135.9165530204773
0.0 136.02127361297607
0.0 136.12499690055847
0.0 136.43417096138
0.0 136.56881260871887
0.0 136.68749523162842
0.0 136.79121851921082
0.0 136.92984819412231
0.0 136.96176314353943
0.0 137.16721439361572
0.0 137.26994061470032
0.0 137.4743950366974
0.0 137.68084287643433
0.0 137.78359079360962
0.0 137.88733625411987
0.0 138.19252181053162
0.0 138.29724264144897
0.0 138.32417035102844
0.0 138.52962160110474
0.0 138.63434195518494
0.0 138.73906183242798
0.0 138.76898312568665
0.0 138.81186985969543
0.0 138.91459321975708
0.0 138.96446084976196
0.0 139.0681836605072
0.0 139.22177386283875
0.0 139.27263832092285
0.0 139.3763608932495
0.0 140.99603605270386
0.0 141.10076212882996
0.0 141.21644830703735
0.0 141.46279120445251
0.0 141.56754517555237
0.0 141.672265291214
0.0 141.77598786354065
0.0 141.98044347763062
0.0 142.18589425086975
0.0 142.29161381721497
0.0 142.33349990844727
0.0 142.36840748786926
0.0 142.67359161376953
0.0 142.70550727844238
0.0 142.74141097068787
0.0 142.85411047935486
0.0 142.88802003860474
0.0 142.9339017868042
0.0 142.98675513267517
0.0 149.83988738059998
0.0 149.95609283447266
0.0 149.98712372779846
0.0 150.1196527481079
0.0 150.17164826393127
0.0 150.2773826122284
0.0 150.4140911102295
0.0 150.4417839050293
0.0 150.55742120742798
0.0 151.00941562652588
0.0 151.42420148849487
0.0 151.47109460830688
0.0 151.5763714313507
0.0 151.6892762184143
0.0 151.7249846458435
0.0 151.84146404266357
0.0 151.88812112808228
0.0 152.00760054588318
0.0 152.15565156936646
0.0 152.18689489364624
0.0 152.2136778831482
0.0 152.4247567653656
0.0 152.54127407073975
0.0 152.55523681640625
0.0 152.57618165016174
0.0 152.70982384681702
0.0 152.8145444393158
0.0 153.02498292922974
0.0 153.06088638305664
0.0 153.11374592781067
0.0 153.31919717788696
0.0 153.42170643806458
0.0 153.45605063438416
0.0 154.2869188785553
0.0 154.4073977470398
0.0 154.52509474754333
0.0 154.55800676345825
0.0 154.6608009338379
0.0 154.77460646629333
0.0 161.17266869544983
0.0 161.3713936805725
0.0 161.4718656539917
0.0 161.57595705986023
0.0 162.68653106689453
0.0 162.79424333572388
0.0 163.00667643547058
0.0 163.03958821296692
0.0 163.1414122581482
0.0 163.18801474571228
0.0 163.30858945846558
0.0 163.33815026283264
0.0 163.7558970451355
0.0 163.85664629936218
0.0 163.88768815994263
0.0 163.99359965324402
0.0 164.20104503631592
0.0 164.40986847877502
0.0 164.4751000404358
0.0 164.51499342918396
0.0 164.61871647834778
0.0 164.72250771522522
0.0 164.75885653495789
0.0 164.86412072181702
0.0 165.07156705856323
0.0 165.1717085838318
0.0 165.31129813194275
0.0 165.52739572525024
0.0 165.58028388023376
0.0 165.78478074073792
0.0 166.01275968551636
0.0 166.11847758293152
0.0 166.8552951812744
0.0 166.89364314079285
0.0 167.0249810218811
0.0 167.0738513469696
0.0 167.1227207183838
0.0 167.18739414215088
0.0 167.22132182121277
0.0 167.42628264427185
0.0 167.4801390171051
0.0 167.6845920085907
0.0 167.7234890460968
0.0 167.87197041511536
0.0 167.97295498847961
0.0 168.07726216316223
0.0 168.1947090625763
0.0 168.30341839790344
0.0 168.6105978488922
0.0 170.67727160453796
0.0 170.7808141708374
0.0 170.8998863697052
0.0 171.0074393749237
0.0 171.03437161445618
0.0 171.1421298980713
0.0 171.18754267692566
0.0 171.39296889305115
0.0 171.43186473846436
0.0 171.5415723323822
0.0 171.65452194213867
0.0 171.7598900794983
0.0 171.87242102622986
0.0 171.97714138031006
0.0 172.0808629989624
0.0 172.11677169799805
0.0 172.32438778877258
0.0 174.2945373058319
0.0 174.43615913391113
0.0 174.6508457660675
0.0 174.77492761611938
0.0 174.90741610527039
0.0 174.95571374893188
0.0 175.05960965156555
0.0 175.17263841629028
0.0 175.27569127082825
0.0 175.3873929977417
0.0 175.49311113357544
0.0 175.62675380706787
0.0 175.67279744148254
0.0 175.78572416305542
0.0 175.88703322410583
0.0 176.10580229759216
0.0 176.12484669685364
0.0 176.34290432929993
0.0 176.5473563671112
0.0 176.75223112106323
0.0 176.90299105644226
0.0 177.00985670089722
0.0 177.256117105484
0.0 177.47572302818298
0.0 177.6113624572754
0.0 177.65923428535461
0.0 177.76295709609985
0.0 177.8762333393097
0.0 177.92521953582764
0.0 177.9564929008484
0.0 178.05944991111755
0.0 178.27176642417908
0.0 178.37231588363647
0.0 178.47176718711853
0.0 178.57527327537537
0.0 178.67870330810547
0.0 178.7834231853485
0.0 178.82032585144043
0.0 178.92504572868347
0.0 179.56095123291016
0.0 179.80884552001953
0.0 179.93654489517212
0.0 180.2562596797943
0.0 180.26923274993896
0.0 180.4008812904358
0.0 180.50460362434387
0.0 180.84057307243347
0.0 181.0453395843506
0.0 181.09819841384888
0.0 181.22586059570312
0.0 181.43829011917114
0.0 181.54201889038086
0.0 181.8482015132904
0.0 181.95192432403564
0.0 182.05664443969727
0.0 182.19428133964539
0.0 182.22436094284058
0.0 182.4299442768097
0.0 182.57156538963318
0.0 182.77667260169983
0.0 183.00107192993164
0.0 183.10379838943481
0.0 183.31034326553345
0.0 183.35023665428162
0.0 183.65741682052612
0.0 183.77081155776978
0.0 183.87329483032227
0.0 183.97667145729065
0.0 184.08148050308228
0.0 184.13533663749695
0.0 184.26498985290527
0.0 184.36970973014832
0.0 184.49138641357422
0.0 184.60209012031555
0.0 184.7069640159607
0.0 184.81905436515808
0.0 184.84078168869019
0.0 184.87205147743225
0.0 184.97140455245972
0.0 185.07466959953308
0.0 185.20934081077576
0.0 185.32420206069946
0.0 185.4406635761261
0.0 185.55602955818176
0.0 185.59093713760376
0.0 185.705144405365
0.0 185.92457628250122
0.0 186.04104471206665
0.0 186.07894372940063
0.0 186.11684322357178
0.0 186.1405897140503
0.0 186.3542606830597
0.0 186.4739441871643
0.0 186.57866168022156
0.0 186.6832230091095
0.0 186.72605204582214
0.0 186.97190928459167
0.0 187.20566058158875
0.0 187.33631253242493
0.0 187.46098041534424
0.0 187.5666983127594
0.0 187.72028827667236
0.0 187.9576554298401
0.0 188.07035374641418
0.0 188.37296605110168
0.0 188.5768084526062
0.0 188.72896909713745
0.0 188.83357334136963
0.0 189.03902387619019
0.0 189.14374160766602
0.0 189.29334211349487
0.0 189.3970649242401
0.0 189.5007872581482
0.0 189.70623993873596
0.0 189.81893920898438
0.0 189.9366250038147
0.0 190.04134702682495
0.0 190.2457993030548
0.0 190.45125079154968
0.0 190.55497217178345
0.0 190.76042532920837
0.0 190.86514568328857
0.0 190.9688687324524
0.0 190.99380254745483
0.0 191.09852194786072
0.0 191.2231900691986
0.0 191.33390283584595
0.0 191.44460725784302
0.0 191.55132246017456
0.0 191.75777101516724
0.0 191.975191116333
0.0 192.11382055282593
0.0 193.53103733062744
0.0 193.63475918769836
0.0 193.73848271369934
0.0 194.27804231643677
0.0 194.5233871936798
0.0 194.62810802459717
0.0 194.77970337867737
0.0 194.98415780067444
0.0 195.29033946990967
0.0 195.4958097934723
0.0 195.70225882530212
0.0 195.80697917938232
0.0 195.94461107254028
0.0 195.97256207466125
0.0 196.17898392677307
0.0 196.2916841506958
0.0 196.39541125297546
0.0 196.5031235218048
0.0 196.55002880096436
0.0 196.57094359397888
0.0 196.6746654510498
0.0 196.77940726280212
0.0 196.8113226890564
0.0 196.9449656009674
0.0 197.0507094860077
0.0 197.17237973213196
0.0 197.20728659629822
0.0 197.323974609375
0.0 197.42869472503662
0.0 197.56732964515686
0.0 197.7727770805359
0.0 197.9024302959442
0.0 198.007150888443
0.0 198.0290915966034
0.0 198.14677715301514
0.0 198.25050020217896
0.0 198.3841474056244
0.0 198.59059262275696
0.0 198.89679789543152
0.0 199.03542757034302
0.0 199.25384378433228
0.0 199.35756754875183
0.0 199.46128940582275
0.0 199.4951994419098
0.0 201.52876782417297
0.0 201.63249111175537
0.0 201.73721146583557
0.0 202.2667977809906
0.0 202.47224807739258
0.0 202.51912474632263
0.0 202.62284684181213
0.0 202.6457850933075
0.0 202.85123658180237
0.0 203.0008373260498
0.0 203.20628833770752
0.0 203.31700563430786
0.0 203.42270970344543
0.0 203.5274474620819
0.0 203.63217115402222
0.0 203.65712475776672
0.0 203.70799231529236
0.0 203.75882840156555
0.0 203.86255168914795
0.0 203.96627521514893
0.0 203.99120950698853
0.0 204.09493136405945
0.0 204.2006537914276
0.0 204.24752378463745
0.0 204.3013801574707
0.0 204.3183355331421
0.0 204.4240539073944
0.0 204.83396291732788
0.0 204.9676010608673
0.0 205.07132363319397
0.0 205.17504692077637
0.0 205.38049840927124
0.0 205.58495235443115
0.0 205.6896948814392
0.0 205.72460198402405
0.0 205.93804359436035
0.0 206.04275226593018
0.0 206.15046429634094
0.0 206.46664571762085
0.0 206.58031725883484
0.0 206.6840398311615
0.0 206.83064770698547
0.0 206.93437027931213
0.0 207.03909158706665
0.0 207.07998204231262
0.0 207.184720993042
0.0 207.2884440422058
0.0 207.3921661376953
0.0 207.6255443096161
0.0 207.6724488735199
0.0 207.7761549949646
0.0 208.18405199050903
0.0 208.29076743125916
0.0 208.49621868133545
0.0 208.7006721496582
0.0 208.8442883491516
0.0 208.948011636734
0.0 209.0527319908142
0.0 209.1574523448944
0.0 209.20831680297852
0.0 209.31802320480347
0.0 209.36290287971497
0.0 209.60625386238098
0.0 209.75485706329346
0.0 209.85957741737366
0.0 209.96429753303528
0.0 210.06901788711548
0.0 210.09295392036438
0.0 210.19567894935608
0.0 210.30738139152527
0.0 210.5128321647644
0.0 210.52781629562378
0.0 210.6345067024231
0.0 210.73823022842407
0.0 210.85192704200745
0.0 210.89082312583923
0.0 211.30771017074585
0.0 211.45431804656982
0.0 211.50420951843262
0.0 211.61987590789795
0.0 211.77346801757812
0.0 211.9011414051056
0.0 212.10558581352234
0.0 212.311030626297
0.0 212.41475343704224
0.0 212.43868923187256
0.0 212.59028482437134
0.0 212.71694612503052
0.0 212.82066869735718
0.0 212.92439246177673
0.0 213.0281150341034
0.0 213.2335662841797
0.0 213.33728957176208
0.0 213.44101309776306
0.0 213.47492265701294
0.0 213.6285378932953
0.0 213.68137073516846
0.0 213.80204820632935
0.0 213.9067678451538
0.0 213.93469429016113
0.0 213.97857689857483
0.0 214.2199318408966
0.0 214.32367825508118
0.0 214.42839813232422
0.0 214.54110407829285
0.0 214.6717483997345
0.0 214.7764744758606
0.0 214.79143476486206
0.0 214.83033108711243
0.0 214.93405413627625
0.0 215.04077291488647
0.0 215.28611373901367
0.0 215.3988127708435
0.0 215.50253582000732
0.0 215.70599222183228
0.0 215.82969045639038
0.0 215.93438243865967
0.0 216.05007362365723
0.0 216.10094141960144
0.0 216.14182877540588
0.0 216.17972707748413
0.0 216.2256042957306
0.0 216.25652265548706
0.0 216.4679572582245
0.0 216.57168078422546
0.0 216.67540335655212
0.0 216.71729183197021
0.0 216.75120186805725
0.0 216.8549244403839
0.0 216.95865273475647
0.0 217.06237053871155
0.0 217.2009997367859
0.0 217.33464288711548
0.0 217.44036054611206
0.0 217.64780640602112
0.0 217.77047896385193
0.0 217.88317799568176
0.0 217.99490523338318
0.0 218.1006019115448
0.0 218.3070673942566
0.0 218.41080045700073
0.0 218.51451325416565
0.0 218.54443311691284
0.0 218.67009782791138
0.0 218.81373810768127
0.0 218.95932841300964
0.0 219.1647765636444
0.0 219.2694971561432
0.0 219.39815592765808
0.0 219.52082586288452
0.0 219.72627687454224
0.0 219.82999992370605
0.0 219.9756109714508
0.0 220.01051783561707
0.0 220.2179639339447
0.0 220.42343664169312
0.0 220.5281581878662
0.0 220.63187980651855
0.0 220.76153349876404
0.0 220.91412615776062
0.0 221.01784920692444
0.0 221.22429847717285
0.0 222.3881983757019
0.0 222.69437193870544
0.0 222.79809427261353
0.0 222.822030544281
0.0 222.8260202407837
0.0 222.83898544311523
0.0 222.8699028491974
0.0 223.19204258918762
0.0 223.29677081108093
0.0 223.4034779071808
0.0 223.4124538898468
0.0 223.51517963409424
0.0 223.54011392593384
0.0 223.76753401756287
0.0 223.8123860359192
0.0 223.9181034564972
0.0 224.02182602882385
0.0 224.15846419334412
0.0 224.4845905303955
0.0 224.58831357955933
0.0 224.69303369522095
0.0 224.72395181655884
0.0 224.82966899871826
0.0 225.13585138320923
0.0 225.24358916282654
0.0 225.3482837677002
0.0 225.453022480011
0.0 225.60062861442566
0.0 225.7043514251709
0.0 225.80907201766968
0.0 226.013525724411
0.0 226.13320636749268
0.0 226.2369294166565
0.0 226.26984119415283
0.0 226.57502627372742
0.0 226.62090396881104
0.0 226.72562408447266
0.0 226.85331511497498
0.0 226.958003282547
0.0 227.16544842720032
0.0 227.19138073921204
0.0 227.2961003780365
0.0 227.40085768699646
0.0 227.72196459770203
0.0 227.76784086227417
0.0 227.871563911438
0.0 228.01165294647217
0.0 228.11737966537476
0.0 228.22209095954895
0.0 228.32581329345703
0.0 228.45048022270203
0.0 228.49339628219604
0.0 228.60606622695923
0.0 228.65393733978271
0.0 228.76863288879395
0.0 228.87335181236267
0.0 228.9052665233612
0.0 229.00998663902283
0.0 229.11370968818665
0.0 229.1585898399353
0.0 229.29123520851135
0.0 229.50366830825806
0.0 229.64529013633728
0.0 229.75599431991577
0.0 230.06117916107178
0.0 230.1020703315735
0.0 230.20679092407227
0.0 230.4122416973114
0.0 230.5179591178894
0.0 230.6216824054718
0.0 230.72540545463562
0.0 230.8301260471344
0.0 231.03657460212708
0.0 231.17719888687134
0.0 231.38663935661316
0.0 231.49135971069336
0.0 231.73969650268555
0.0 231.77759528160095
0.0 231.8145318031311
0.0 231.91921710968018
0.0 232.12367033958435
0.0 232.22839212417603
0.0 232.33411359786987
0.0 232.36801862716675
0.0 232.48969864845276
0.0 232.59341621398926
0.0 232.7180836200714
0.0 232.8238022327423
0.0 232.92852210998535
0.0 233.05717825889587
0.0 233.159903049469
0.0 233.19381308555603
0.0 233.23570132255554
0.0 233.33942365646362
0.0 233.38632583618164
0.0 233.4910192489624
0.0 233.69746828079224
0.0 233.80218863487244
0.0 233.85404992103577
0.0 233.957772731781
0.0 233.97771978378296
0.0 234.1053786277771
0.0 234.20910167694092
0.0 235.02392649650574
0.0 235.3311049938202
0.0 235.5355589389801
0.0 235.68017292022705
0.0 235.82279229164124
0.0 235.9684031009674
0.0 236.11501169204712
0.0 236.31946563720703
0.0 236.52494621276855
0.0 236.6296362876892
0.0 236.73435854911804
0.0 236.85902500152588
0.0 237.28588390350342
0.0 237.40656232833862
0.0 237.44745326042175
0.0 237.55815768241882
0.0 237.66287803649902
0.0 237.76759910583496
0.0 237.87132143974304
0.0 238.07477688789368
0.0 238.40888500213623
0.0 238.43780827522278
0.0 238.54253697395325
0.0 238.64625191688538
0.0 238.80183625221252
0.0 238.92750024795532
0.0 239.13494634628296
0.0 239.36934876441956
0.0 239.47304320335388
0.0 239.5767662525177
0.0 240.49132466316223
0.0 240.5960443019867
0.0 240.70575165748596
0.0 240.72772002220154
0.0 240.86033868789673
0.0 240.91020488739014
0.0 241.0209093093872
0.0 241.12565159797668
0.0 241.22937440872192
0.0 241.33409905433655
0.0 241.53954648971558
0.0 241.74599504470825
0.0 241.87465143203735
0.0 242.32943677902222
0.0 242.5348882675171
0.0 242.84107065200806
0.0 242.9447934627533
0.0 243.55418491363525
0.0 243.66089129447937
0.0 243.76760625839233
0.0 243.97449660301208
0.0 244.3006238937378
0.0 244.47245979309082
0.0 244.5976550579071
0.0 244.82748198509216
0.0 244.94630479812622
0.0 245.15075254440308
0.0 245.18166995048523
0.0 245.29040551185608
0.0 245.39310455322266
0.0 245.8030140399933
0.0 246.00945925712585
0.0 246.03239798545837
0.0 246.13612174987793
0.0 246.2408630847931
0.0 246.34558391571045
0.0 246.4971787929535
0.0 246.60090160369873
0.0 246.7046239376068
0.0 246.80834698677063
0.0 246.9190754890442
0.0 247.02377271652222
0.0 247.12849259376526
0.0 247.24917078018188
0.0 247.5582058429718
0.0 247.66192746162415
0.0 247.7053565979004
0.0 247.81488275527954
0.0 247.86154294013977
0.0 247.89278745651245
0.0 247.93964910507202
0.0 247.98651361465454
0.0 248.0178520679474
0.0 248.0646481513977
0.0 248.18979334831238
0.0 248.35233306884766
0.0 248.4680404663086
0.0 248.53028202056885
0.0 248.64717936515808
0.0 248.6885471343994
0.0 248.8603835105896
0.0 249.15718841552734
0.0 249.4071044921875
0.0 249.53219604492188
0.0 249.65729761123657
0.0 249.7820475101471
0.0 249.82887935638428
0.0 249.87577605247498
0.0 250.00090289115906
0.0 250.15695643424988
0.0 250.28215098381042
0.0 250.42249393463135
0.0 250.46938705444336
0.0 250.5945782661438
0.0 250.84451150894165
0.0 251.0944619178772
0.0 251.2348062992096
0.0 251.37542986869812
0.0 251.50056767463684
0.0 251.62554454803467
0.0 251.68782377243042
0.0 251.73468804359436
0.0 251.98465728759766
0.0 252.10960292816162
0.0 252.12522506713867
0.0 252.25030326843262
0.0 252.37537384033203
0.0 252.50030755996704
0.0 252.62534880638123
0.0 252.7521584033966
0.0 253.2461438179016
0.0 253.37109398841858
0.0 253.41780972480774
0.0 253.6678819656372
0.0 253.73013949394226
0.0 253.85521006584167
0.0 253.98035264015198
0.0 254.10518217086792
0.0 254.23027777671814
0.0 254.24567794799805
0.0 254.27691984176636
0.0 254.40206909179688
0.0 254.52707171440125
0.0 254.77701878547668
0.0 254.80804347991943
0.0 254.85489916801453
0.0 254.98011350631714
0.0 255.10486769676208
0.0 255.23003387451172
0.0 255.2610673904419
0.0 255.4016571044922
0.0 255.43289732933044
0.0 255.46414184570312
0.0 255.604731798172
0.0 255.72986340522766
0.0 255.87030053138733
0.0 255.91715955734253
0.0 255.94837737083435
0.0 256.07357239723206
0.0 256.19856667518616
0.0 256.32352805137634
0.0 256.4795289039612
0.0 256.51077365875244
0.0 256.6359522342682
0.0 256.666960477829
0.0 256.6982316970825
0.0 256.72947359085083
0.0 256.85464358329773
0.0 257.01065850257874
0.0 257.1358094215393
0.0 257.260684967041
0.0 257.3857915401459
0.0 257.54175543785095
0.0 257.68237709999084
0.0 257.7136240005493
0.0 257.7448663711548
0.0 257.77610516548157
0.0 257.9012234210968
0.0 257.9479157924652
0.0 258.07288455963135
0.0 258.1197466850281
0.0 258.135395526886
0.0 258.26046347618103
0.0 258.41658115386963
0.0 258.58838844299316
0.0 258.6352803707123
0.0 258.7603409290314
0.0 258.8071165084839
0.0 259.0572597980499
0.0 259.1822464466095
0.0 259.30716347694397
0.0 259.43215894699097
0.0 259.55691599845886
0.0 259.67329478263855
0.0 259.78619861602783
0.0 259.801566362381
0.0 259.9266586303711
0.0 260.0516941547394
0.0 260.0983736515045
0.0 260.22357082366943
0.0 260.3485162258148
0.0 260.47350907325745
0.0 260.5201497077942
0.0 260.5513925552368
0.0 260.67647528648376
0.0 260.8015716075897
0.0 260.9263324737549
0.0 261.0513026714325
0.0 261.1765055656433
0.0 261.3014578819275
0.0 261.3324956893921
0.0 261.45769119262695
0.0 261.5826737880707
0.0 261.61367535591125
0.0 261.7386426925659
0.0 261.86384630203247
0.0 261.9886860847473
0.0 262.11366152763367
0.0 262.1447720527649
0.0 262.26995515823364
0.0 262.3009874820709
0.0 262.42621898651123
0.0 262.5511486530304
0.0 262.67615818977356
0.0 262.8010437488556
0.0 262.9260756969452
0.0 263.05103302001953
0.0 263.17597246170044
0.0 263.316401720047
0.0 263.3632688522339
0.0 263.48823833465576
0.0 263.7381999492645
0.0 263.7850241661072
0.0 263.89461302757263
0.0 264.01959705352783
0.0 264.1445200443268
0.0 264.3005518913269
0.0 264.5506727695465
0.0 264.5817358493805
0.0 264.61621618270874
0.0 264.7568109035492
0.0 264.88195848464966
0.0 265.0069453716278
0.0 265.0379946231842
0.0 265.08483266830444
0.0 265.25669384002686
0.0 265.42853116989136
0.0 265.69406914711
0.0 265.8190371990204
0.0 265.9441888332367
0.0 266.100248336792
0.0 266.2254514694214
0.0 266.25646209716797
0.0 266.28770780563354
0.0 266.318954706192
0.0 266.4441587924957
0.0 266.6940972805023
0.0 266.8190498352051
0.0 266.86567187309265
0.0 266.9281530380249
0.0 266.94380378723145
0.0 266.97504591941833
0.0 267.11561274528503
0.0 267.16247844696045
0.0 267.20936608314514
0.0 267.33451986312866
0.0 267.3655803203583
0.0 267.4907548427582
0.0 267.63114833831787
0.0 267.75611686706543
0.0 267.8812692165375
0.0 268.02167892456055
0.0 268.1466875076294
0.0 268.45904874801636
0.0 268.5059130191803
0.0 268.568398475647
0.0 268.5996685028076
0.0 268.7163999080658
0.0 268.84140396118164
0.0 268.9663419723511
0.0 269.02885723114014
0.0 269.1540050506592
0.0 269.27879881858826
0.0 269.3100416660309
0.0 269.35690474510193
0.0 269.3881468772888
0.0 269.7679076194763
0.0 269.9085011482239
0.0 270.1584436893463
0.0 270.3146622180939
0.0 270.4398238658905
0.0 270.56477522850037
0.0 270.5958409309387
0.0 270.69898986816406
0.0 270.8395824432373
0.0 270.96481823921204
0.0 270.99579882621765
0.0 271.2770097255707
0.0 271.29263639450073
0.0 271.41769909858704
0.0 271.5427510738373
0.0 271.6677372455597
0.0 271.79269313812256
0.0 271.83937907218933
0.0 271.88624334335327
0.0 271.93307971954346
0.0 272.0581851005554
0.0 272.19865012168884
0.0 272.37047958374023
0.0 272.49545192718506
0.0 272.6206865310669
0.0 272.7226264476776
0.0 272.84743070602417
0.0 272.9725091457367
0.0 273.0975465774536
0.0 273.15982818603516
0.0 273.20672059059143
0.0 273.37855792045593
0.0 273.4097993373871
0.0 273.5503623485565
0.0 273.5972547531128
0.0 273.7223825454712
0.0 273.78471302986145
0.0 273.90965700149536
0.0 273.97216749191284
0.0 274.0190329551697
0.0 274.14422273635864
0.0 274.2692120075226
0.0 274.3001961708069
0.0 274.34708404541016
0.0 274.472199678421
0.0 274.5032699108124
0.0 274.6284487247467
0.0 274.67513036727905
0.0 274.72196793556213
0.0 274.84720182418823
0.0 274.97190952301025
0.0 275.0971474647522
0.0 275.25309681892395
0.0 275.5032377243042
0.0 275.6592707633972
0.0 275.69052052497864
0.0 275.7373924255371
0.0 275.862587928772
0.0 275.90922355651855
0.0 276.0343680381775
0.0 276.08105731010437
0.0 276.12792134284973
0.0 276.17478370666504
0.0 276.29972672462463
0.0 276.42493081092834
0.0 276.5496699810028
0.0 276.6749060153961
0.0 276.7996108531952
0.0 276.90916204452515
0.0 277.0340738296509
0.0 277.15901613235474
0.0 277.1745252609253
0.0 277.2370092868805
0.0 277.3465647697449
0.0 277.37762999534607
0.0 277.5028221607208
0.0 277.62757301330566
0.0 277.75255060195923
0.0 277.87751603126526
0.0 278.0027070045471
0.0 278.04932260513306
0.0 278.1588764190674
0.0 278.2992980480194
0.0 278.36177921295166
0.0 278.392991065979
0.0 278.51819920539856
0.0 278.5492374897003
0.0 278.6742057800293
0.0 278.79932403564453
0.0 278.924373626709
0.0 279.0647416114807
0.0 279.18985652923584
0.0 279.236590385437
0.0 279.28343963623047
0.0 279.5335006713867
0.0 279.65835189819336
0.0 279.67394638061523
0.0 279.83019042015076
0.0 279.861430644989
0.0 279.9082944393158
0.0 279.97075057029724
0.0 280.0959894657135
0.0 284.60766339302063
0.0 284.6544976234436
0.0 284.7013864517212
0.0 284.8377830982208
0.0 284.94251322746277
0.0 285.148952960968
0.0 285.2845892906189
0.0 285.5553982257843
0.0 285.60226249694824
0.0 285.63350462913513
0.0 285.8990435600281
0.0 285.93031096458435
0.0 285.9771776199341
0.0 286.0920853614807
0.0 286.1389515399933
0.0 286.37329936027527
0.0 286.4984986782074
0.0 286.54513335227966
0.0 286.5607285499573
0.0 286.67034554481506
0.0 286.7952530384064
0.0 286.92028284072876
0.0 287.02940034866333
0.0 287.3731780052185
0.0 287.4982659816742
0.0 287.5449047088623
0.0 287.65448808670044
0.0 287.7794554233551
0.0 287.8260884284973
0.0 287.8573303222656
0.0 287.982547044754
0.0 288.09188508987427
0.0 288.2011721134186
0.0 288.4199402332306
0.0 288.63838052749634
0.0 288.6539945602417
0.0 288.7635476589203
0.0 288.8883147239685
0.0 288.8883147239685
0.0 288.9039349555969
0.0 289.12278389930725
0.0 289.18511939048767
0.0 289.2007682323456
0.0 289.3569555282593
0.0 289.4038188457489
0.0 289.4194686412811
0.0 289.4350917339325
0.0 289.56024169921875
0.0 289.70065212249756
0.0 289.8102285861969
0.0 289.93513679504395
0.0 289.9974310398102
0.0 290.0287036895752
0.0 290.0755660533905
0.0 290.2050869464874
0.0 290.2519500255585
0.0 290.38745164871216
0.0 290.5126383304596
0.0 290.6376008987427
0.0 290.68422508239746
0.0 290.73111963272095
0.0 290.8562717437744
0.0 290.87168407440186
0.0 290.99695777893066
0.0 291.1252689361572
0.0 291.171914100647
0.0 291.2969217300415
0.0 291.4218599796295
0.0 291.5314140319824
0.0 291.65638184547424
0.0 291.7030396461487
0.0 291.7499101161957
0.0 291.8750829696655
0.0 291.8750829696655
0.0 291.90614771842957
0.0 291.93739342689514
0.0 291.9686048030853
0.0 292.0154974460602
0.0 292.0623314380646
0.0 292.1883182525635
0.0 292.86001777648926
0.0 292.985169172287
0.0 293.03182911872864
0.0 293.0956733226776
0.0 293.2201159000397
0.0 293.7668650150299
0.0 293.79814171791077
0.0 293.9230782985687
0.0 293.9543571472168
0.0 294.07954692840576
0.0 294.14256834983826
0.0 294.2676992416382
0.0 294.3927083015442
0.0 294.51768732070923
0.0 294.64255356788635
0.0 294.6737234592438
0.0 294.8455560207367
0.0 294.9707615375519
0.0 295.00177216529846
0.0 295.1278944015503
0.0 295.47167778015137
0.0 295.596755027771
0.0 295.7214970588684
0.0 295.7527346611023
0.0 295.8308136463165
0.0 295.87770915031433
0.0 295.9245443344116
0.0 296.0495140552521
0.0 296.1600892543793
0.0 296.26925683021545
0.0 296.31609177589417
0.0 296.4256284236908
0.0 296.4723334312439
0.0 296.534791469574
0.0 296.70665431022644
0.0 296.83180809020996
0.0 296.95677971839905
0.0 296.98784255981445
0.0 297.12925243377686
0.0 297.19170784950256
0.0 297.30122542381287
0.0 297.3166809082031
0.0 297.4418954849243
0.0 297.48854207992554
0.0 297.5980715751648
0.0 297.72296118736267
0.0 297.78534841537476
0.0 297.9571578502655
0.0 298.06650614738464
0.0 298.1922342777252
0.0 298.25471782684326
0.0 298.3016104698181
0.0 298.4267911911011
0.0 298.55152559280396
0.0 298.5827684402466
0.0 298.69237542152405
0.0 298.81725788116455
0.0 298.848361492157
0.0 298.87960267066956
0.0 298.9264669418335
0.0 299.06703209877014
0.0 299.193133354187
0.0 299.30244183540344
0.0 299.42741656303406
0.0 299.5521800518036
0.0 299.56782746315
0.0 299.6930298805237
0.0 299.817768573761
0.0 299.989604473114
0.0 300.10536098480225
0.0 300.2250199317932
0.0 300.3810625076294
0.0 300.50614762306213
0.0 300.55286478996277
0.0 300.693487405777
0.0 300.81862807273865
0.0 300.9590244293213
0.0 301.0841956138611
0.0 301.20988750457764
0.0 301.3347270488739
0.0 301.60031843185425
0.0 301.7255208492279
0.0 301.7255208492279
0.0 301.7565333843231
0.0 301.7877776622772
0.0 302.03769063949585
0.0 302.08458185195923
0.0 302.1323719024658
0.0 302.17923188209534
0.0 302.30420422554016
0.0 302.4137313365936
0.0 302.5385010242462
0.0 302.72595286369324
0.0 302.96053743362427
0.0 303.0854947566986
0.0 303.1956579685211
0.0 303.5705723762512
0.0 303.69557881355286
0.0 303.8205478191376
0.0 303.9454867839813
0.0 304.0705015659332
0.0 304.1804597377777
0.0 304.3055610656738
0.0 304.32104659080505
0.0 304.4461123943329
0.0 304.5711703300476
0.0 304.69596004486084
0.0 304.7428238391876
0.0 304.86788845062256
0.0 304.9928603172302
0.0 305.1095736026764
0.0 305.21264457702637
0.0 305.4469220638275
0.0 305.5562381744385
0.0 305.6029508113861
0.0 305.72789454460144
0.0 305.75916481018066
0.0 305.806028842926
0.0 305.9312057495117
0.0 306.0561227798462
0.0 306.1661026477814
0.0 306.181697845459
0.0 306.3066940307617
0.0 306.33791184425354
0.0 306.40042328834534
0.0 306.5256254673004
0.0 306.65045619010925
0.0 306.77530884742737
0.0 306.9004559516907
0.0 306.94717383384705
0.0 307.0877640247345
0.0 307.1980085372925
0.0 307.26049184799194
0.0 307.3856875896454
0.0 307.4323298931122
0.0 307.54186177253723
0.0 307.57292008399963
0.0 307.6980917453766
0.0 307.94806933403015
0.0 308.07280445098877
0.0 308.0982642173767
0.0 308.214143037796
0.0 308.4600200653076
0.0 308.6004331111908
0.0 308.7256329059601
0.0 308.7566502094269
0.0 308.8818416595459
0.0 309.00679326057434
0.0 309.1363763809204
0.0 309.26155066490173
0.0 309.37096786499023
0.0 309.43318271636963
0.0 309.48007702827454
0.0 309.5895586013794
0.0 309.714631319046
0.0 309.823947429657
0.0 309.8706102371216
0.0 309.9174528121948
0.0 310.04250836372375
0.0 310.16845321655273
0.0 310.2931911945343
0.0 310.41837215423584
0.0 310.44943022727966
0.0 310.57462549209595
0.0 310.63685846328735
0.0 310.6837224960327
0.0 310.73061990737915
0.0 310.8868007659912
0.0 311.01180505752563
0.0 311.1378149986267
0.0 311.43441128730774
0.0 311.668936252594
0.0 311.793963432312
0.0 311.9188868999481
0.0 311.96556782722473
0.0 311.9968092441559
0.0 312.1134707927704
0.0 312.1382465362549
0.0 312.24760913848877
0.0 312.3727128505707
0.0 312.43502497673035
0.0 312.46626830101013
0.0 312.4975109100342
0.0 312.56002402305603
0.0 312.59126710891724
0.0 312.70069003105164
0.0 312.82581329345703
0.0 312.950651884079
0.0 313.07576084136963
0.0 313.20156264305115
0.0 313.5765781402588
0.0 313.70130228996277
0.0 313.82638239860535
0.0 313.9358274936676
0.0 314.06085205078125
0.0 314.1877872943878
0.0 314.23467445373535
0.0 314.28154253959656
0.0 314.3439984321594
0.0 314.39111948013306
0.0 314.5003809928894
0.0 314.53148555755615
0.0 314.6566472053528
0.0 314.6720495223999
0.0 314.7346348762512
0.0 314.75018191337585
0.0 314.7814016342163
0.0 314.9063973426819
0.0 315.01593017578125
0.0 315.26714992523193
0.0 315.31387162208557
0.0 315.43881368637085
0.0 315.56378531455994
0.0 315.8139955997467
0.0 316.06376361846924
0.0 316.1744303703308
0.0 316.2994124889374
0.0 316.3616895675659
0.0 316.5083689689636
0.0 316.7428677082062
0.0 316.8989017009735
0.0 317.00834012031555
0.0 317.32488203048706
0.0 317.8325266838074
0.0 317.85573172569275
0.0 317.8883774280548
0.0 317.9930980205536
0.0 318.03598284721375
0.0 318.1542799472809
0.0 318.18552255630493
0.0 318.29072642326355
0.0 318.4193825721741
0.0 318.5231056213379
0.0 318.67114448547363
0.0 318.702388048172
0.0 318.73360419273376
0.0 318.8586006164551
0.0 318.8898491859436
0.0 318.921089887619
0.0 319.0304787158966
0.0 319.13988041877747
0.0 319.3587167263031
0.0 319.46797466278076
0.0 319.5928225517273
0.0 319.7179639339447
0.0 319.8583424091339
0.0 319.90566420555115
0.0 320.0308918952942
0.0 320.1868784427643
0.0 320.32744240760803
0.0 320.43690848350525
0.0 320.46806383132935
0.0 320.5930345058441
0.0 320.71808433532715
0.0 320.8432102203369
0.0 320.94049882888794
0.0 320.98720622062683
0.0 321.12779569625854
0.0 321.3623471260071
0.0 321.4873204231262
0.0 321.6123013496399
0.0 321.65892481803894
0.0 321.7684259414673
0.0 321.8934142589569
0.0 321.92449498176575
0.0 322.158983707428
0.0 322.2212932109833
0.0 322.34647965431213
0.0 322.45570397377014
0.0 322.6274559497833
0.0 322.7836368083954
0.0 323.1897921562195
0.0 323.22103691101074
0.0 323.3472001552582
0.0 323.4671025276184
0.0 323.5922043323517
0.0 323.7481963634491
0.0 323.88878989219666
0.0 323.99837040901184
0.0 324.1232361793518
0.0 324.2480947971344
0.0 324.3730502128601
0.0 324.40427017211914
0.0 324.52947878837585
0.0 324.6544141769409
0.0 324.8729336261749
0.0 324.98246574401855
0.0 325.0135290622711
0.0 325.23240423202515
0.0 325.6071391105652
0.0 325.62275981903076
0.0 325.74773383140564
0.0 325.8728811740875
0.0 325.88829588890076
0.0 326.01353549957275
0.0 326.0288887023926
0.0 326.2790358066559
0.0 326.65395069122314
0.0 326.7788350582123
0.0 326.8412299156189
0.0 327.23176431655884
0.0 327.3569173812866
0.0 327.4819440841675
0.0 327.49730157852173
0.0 327.6535151004791
0.0 327.8253743648529
0.0 327.95049381256104
0.0 327.9659399986267
0.0 328.01283407211304
0.0 328.0284550189972
0.0 328.1534261703491
0.0 328.1846413612366
0.0 328.3098187446594
0.0 328.41900515556335
0.0 328.54413962364197
0.0 328.60644602775574
0.0 328.7315058708191
0.0 328.76266074180603
0.0 331.35578203201294
0.0 331.3714029788971
0.0 331.4807810783386
0.0 331.6058897972107
0.0 331.65581583976746
0.0 331.8432729244232
0.0 331.99951696395874
0.0 332.12462401390076
0.0 332.26505422592163
0.0 332.3902325630188
0.0 332.49961376190186
0.0 332.65561604499817
0.0 332.6712076663971
0.0 333.03052854537964
0.0 333.15551114082336
0.0 333.28046202659607
0.0 333.4054391384125
0.0 334.0302953720093
0.0 334.3114504814148
0.0 334.4676921367645
0.0 334.5771327018738
0.0 334.7022297382355
0.0 334.8271415233612
0.0 334.9675760269165
0.0 335.03007435798645
0.0 335.1394987106323
0.0 335.17062997817993
0.0 335.295857667923
0.0 335.31124806404114
0.0 335.4674651622772
0.0 335.59243535995483
0.0 335.8426022529602
0.0 335.9674608707428
0.0 336.0925416946411
0.0 336.2174470424652
0.0 336.3424389362335
0.0 336.4673800468445
0.0 336.51409673690796
0.0 336.6434962749481
0.0 336.76976704597473
0.0 336.8947570323944
0.0 336.92573523521423
0.0 336.98824882507324
0.0 337.03511214256287
0.0 337.19132804870605
0.0 337.31644916534424
0.0 337.4414427280426
0.0 337.5037271976471
0.0 337.6287274360657
0.0 337.8161554336548
0.0 337.9256200790405
0.0 338.05047512054443
0.0 338.1757028102875
0.0 338.300416469574
0.0 338.33169174194336
0.0 338.4566316604614
0.0 338.70677304267883
0.0 338.73784589767456
0.0 338.8473722934723
0.0 338.972295999527
0.0 339.09736347198486
0.0 339.25335335731506
0.0 339.62835693359375
0.0 339.73779106140137
0.0 340.39368200302124
0.0 340.4405744075775
0.0 340.54989981651306
0.0 340.5967905521393
0.0 340.8468232154846
0.0 340.89356875419617
0.0 341.03415870666504
0.0 341.0654320716858
0.0 341.11229395866394
0.0 341.1591601371765
0.0 341.28413128852844
0.0 341.53404474258423
0.0 341.65927958488464
0.0 341.8935308456421
0.0 342.00294256210327
0.0 342.86207032203674
0.0 343.1274628639221
0.0 343.25264382362366
0.0 343.299289226532
0.0 343.6744165420532
0.0 343.7993459701538
0.0 343.84603810310364
0.0 343.861629486084
0.0 343.9711856842041
0.0 344.00224924087524
0.0 344.04908537864685
0.0 344.0803291797638
0.0 344.205304145813
0.0 344.2521631717682
0.0 344.3773775100708
0.0 344.5021331310272
0.0 344.5490005016327
0.0 344.59586906433105
0.0 344.6427285671234
0.0 344.68958950042725
0.0 344.705185174942
0.0 344.8303575515747
0.0 344.9552230834961
0.0 344.9863979816437
0.0 345.11160588264465
0.0 345.15820693969727
0.0 347.29629707336426
0.0 352.514288187027
0.0 354.79086995124817
0.0 357.4636492729187
0.0 357.5729970932007
0.0 357.6067867279053
0.0 357.71616649627686
0.0 357.82548689842224
0.0 357.950621843338
0.0 357.99735283851624
0.0 358.1223232746124
0.0 358.2785077095032
0.0 358.40350675582886
0.0 358.5284495353699
0.0 358.66907238960266
0.0 358.7315266132355
0.0 358.77842378616333
0.0 358.9033887386322
0.0 359.02835392951965
0.0 359.1533064842224
0.0 359.278297662735
0.0 359.3251416683197
0.0 359.55948662757874
0.0 359.717200756073
0.0 359.8423454761505
0.0 359.95166969299316
0.0 360.3264355659485
0.0 360.4515953063965
0.0 360.4982714653015
0.0 360.7493062019348
0.0 360.8742175102234
0.0 361.01461482048035
0.0 361.1396996974945
0.0 361.1864757537842
0.0 361.3114483356476
0.0 361.45203948020935
0.0 361.5615680217743
0.0 361.6090557575226
0.0 361.65372586250305
0.0 361.77869939804077
0.0 361.80994725227356
0.0 361.8568322658539
0.0 362.1067461967468
0.0 367.50509428977966
0.0 367.61268496513367
0.0 367.7378613948822
0.0 367.8782513141632
0.0 368.112833738327
0.0 368.2377882003784
0.0 368.3523268699646
0.0 368.4770746231079
0.0 368.5083169937134
0.0 368.6290421485901
0.0 368.75398349761963
0.0 368.8791618347168
0.0 369.004177570343
0.0 369.1135334968567
0.0 369.14454650878906
0.0 369.2697398662567
0.0 369.3163809776306
0.0 369.3632457256317
0.0 369.4883074760437
0.0 369.6296980381012
0.0 369.75474214553833
0.0 369.8798189163208
0.0 369.9889621734619
0.0 370.60196685791016
0.0 370.64640498161316
0.0 370.7870297431946
0.0 370.9120304584503
0.0 371.0371868610382
0.0 371.14649176597595
0.0 371.1931788921356
0.0 371.224422454834
0.0 371.34957003593445
0.0 371.4743640422821
0.0 371.7563409805298
0.0 371.88151478767395
0.0 371.9125828742981
0.0 372.0377857685089
0.0 372.1627540588379
0.0 372.2875905036926
0.0 372.303115606308
0.0 372.34998083114624
0.0 372.4905741214752
0.0 372.5374450683594
0.0 372.5842969417572
0.0 372.710294008255
0.0 372.83506059646606
0.0 372.83506059646606
0.0 372.94441175460815
0.0 373.1162734031677
0.0 373.60628175735474
0.0 373.64964056015015
0.0 373.88408374786377
0.0 374.0090296268463
0.0 374.134072303772
0.0 374.2745223045349
0.0 374.3907871246338
0.0 374.5178792476654
0.0 374.76024532318115
0.0 375.01023960113525
0.0 375.135116815567
0.0 375.26017665863037
0.0 375.38511514663696
0.0 375.4944932460785
0.0 375.65138030052185
0.0 375.6982436180115
0.0 375.82338428497314
0.0 375.8544340133667
0.0 375.91692066192627
0.0 376.0575363636017
0.0 376.1824836730957
0.0 376.3074879646301
0.0 376.432626247406
0.0 376.5576207637787
0.0 376.6676585674286
0.0 376.7143449783325
0.0 376.8238379955292
0.0 376.9331088066101
0.0 376.9799087047577
0.0 377.01118063926697
0.0 377.1207103729248
0.0 377.2457330226898
0.0 377.3707072734833
0.0 377.6369264125824
0.0 378.0278193950653
0.0 378.1431522369385
0.0 378.18621587753296
0.0 378.4231581687927
0.0 378.54300832748413
0.0 378.5728213787079
0.0 378.62101697921753
0.0 378.743203163147
0.0 378.7963707447052
0.0 378.8428068161011
0.0 378.85281133651733
0.0 378.8730380535126
0.0 378.8765742778778
0.0 378.99292516708374
0.0 379.03414368629456
0.0 379.1655659675598
0.0 379.31276416778564
0.0 379.34285974502563
0.0 379.3731074333191
0.0 379.5347046852112
0.0 379.5828001499176
0.0 379.9445834159851
0.0 380.0696506500244
0.0 380.1944456100464
0.0 380.3350350856781
0.0 380.4601860046387
0.0 380.52249455451965
0.0 380.6396758556366
0.0 380.76482129096985
0.0 380.90523958206177
0.0 380.9520745277405
0.0 380.9989724159241
0.0 381.1241364479065
0.0 381.1863956451416
0.0 381.29579186439514
0.0 381.3582305908203
0.0 381.4050977230072
0.0 381.45195865631104
0.0 381.6090450286865
0.0 381.63975715637207
0.0 381.67102670669556
0.0 381.9187479019165
0.0 382.09058570861816
0.0 382.13741993904114
0.0 382.2626419067383
0.0 382.49689865112305
0.0 382.6118640899658
0.0 382.6405987739563
0.0 382.7677233219147
0.0 382.7831518650055
0.0 382.908123254776
0.0 383.06433486938477
0.0 383.18949007987976
0.0 383.22057461738586
0.0 383.2674412727356
0.0 383.31428122520447
0.0 383.4392476081848
0.0 383.61574244499207
0.0 383.84480381011963
0.0 383.87585830688477
0.0 384.0008296966553
0.0 384.11035680770874
0.0 384.23515009880066
0.0 384.36009407043457
0.0 384.5999813079834
0.0 384.7199728488922
0.0 384.86039090156555
0.0 384.9699149131775
0.0 385.0792660713196
0.0 385.1103312969208
0.0 385.26651763916016
0.0 385.39174461364746
0.0 385.4383797645569
0.0 385.6741740703583
0.0 385.799111366272
0.0 385.8613910675049
0.0 386.00201177597046
0.0 386.127215385437
0.0 386.2521662712097
0.0 386.48644614219666
0.0 386.6013970375061
0.0 386.721408367157
0.0 386.73682403564453
0.0 386.7680923938751
0.0 387.0180344581604
0.0 387.1432387828827
0.0 387.2054634094238
0.0 387.3304672241211
0.0 387.3773024082184
0.0 387.98801469802856
0.0 388.03464913368225
0.0 388.1908688545227
0.0 388.3159906864166
0.0 388.6763617992401
0.0 388.8169536590576
0.0 388.92648100852966
0.0 389.03582859039307
0.0 389.0825183391571
0.0 389.1293559074402
0.0 389.17624855041504
0.0 389.2231104373932
0.0 389.269948720932
0.0 389.3795053958893
0.0 389.4105682373047
0.0 389.5357563495636
0.0 389.6464538574219
0.0 389.69308066368103
0.0 389.7399444580078
0.0 390.1304807662964
0.0 390.39604687690735
0.0 390.5211138725281
0.0 390.56787753105164
0.0 390.6786026954651
0.0 390.70959877967834
0.0 390.7564923763275
0.0 391.0065908432007
0.0 391.0533027648926
0.0 391.178505897522
0.0 391.2251343727112
0.0 391.24072790145874
0.0 391.36596035957336
0.0 391.4125921726227
0.0 391.5531826019287
0.0 391.58441948890686
0.0 391.63235545158386
0.0 391.6591877937317
0.0 391.6911542415619
0.0 391.7364692687988
0.0 391.86165499687195
0.0 391.90830516815186
0.0 391.95517659187317
0.0 391.9864127635956
0.0 392.03327560424805
0.0 392.095734834671
0.0 392.22091126441956
0.0 392.2519750595093
0.0 392.40819001197815
0.0 392.45502758026123
0.0 392.58020782470703
0.0 392.7119851112366
0.0 392.72759652137756
0.0 392.74321842193604
0.0 392.86837697029114
0.0 392.99339866638184
0.0 393.1183135509491
0.0 393.1337535381317
0.0 393.38380670547485
0.0 393.6337556838989
0.0 393.7588186264038
0.0 393.8680717945099
0.0 393.88353729248047
0.0 394.13347840309143
0.0 394.2430329322815
0.0 394.4302840232849
0.0 394.5397746562958
0.0 394.5709059238434
0.0 394.6741726398468
0.0 394.6741726398468
0.0 394.7052073478699
0.0 394.87410950660706
0.0 394.920973777771
0.0 394.95218992233276
0.0 394.9834325313568
0.0 395.09304118156433
0.0 395.12402534484863
0.0 395.1396462917328
0.0 395.2648231983185
0.0 395.28026962280273
0.0 395.311509847641
0.0 395.35834431648254
0.0 395.4833540916443
0.0 395.60840582847595
0.0 395.7333753108978
0.0 395.88947343826294
0.0 395.99902510643005
0.0 396.1239700317383
0.0 396.15506291389465
0.0 396.1862783432007
0.0 396.2175214290619
0.0 396.32707357406616
0.0 396.4520671367645
0.0 396.48311471939087
0.0 396.5926389694214
0.0 396.71740460395813
0.0 396.7330541610718
0.0 396.7799220085144
0.0 396.82678294181824
0.0 396.8580250740051
0.0 396.9048948287964
0.0 396.9517526626587
0.0 397.2017328739166
0.0 397.2172906398773
0.0 397.2641832828522
0.0 397.27977681159973
0.0 397.3110201358795
0.0 397.7015793323517
0.0 397.7171742916107
0.0 397.7484452724457
0.0 397.76403975486755
0.0 397.79528403282166
0.0 397.82652497291565
0.0 397.9517168998718
0.0 397.9827666282654
0.0 398.0140118598938
0.0 398.04525208473206
0.0 398.0920855998993
0.0 398.10770869255066
0.0 398.1233561038971
0.0 398.1389513015747
0.0 398.2641212940216
0.0 398.31081366539
0.0 398.3264081478119
0.0 398.45158863067627
0.0 398.4982442855835
0.0 398.6544864177704
0.0 399.15437054634094
0.0 399.20123648643494
0.0 399.3264112472534
0.0 399.4512982368469
0.0 399.4980103969574
0.0 399.5292830467224
0.0 399.5761489868164
0.0 399.60735988616943
0.0 399.6698455810547
0.0 399.7167377471924
0.0 399.8419187068939
0.0 399.96674132347107
0.0 400.013555765152
0.0 400.0603823661804
0.0 400.2949056625366
0.0 400.325945854187
0.0 400.3728346824646
0.0 400.40408635139465
0.0 400.4353210926056
0.0 400.48218727111816
0.0 400.497807264328
0.0 400.62292194366455
0.0 400.77899503707886
0.0 400.82585740089417
0.0 401.1070125102997
0.0 401.2319846153259
0.0 401.26322889328003
0.0 401.3257141113281
0.0 401.3726050853729
0.0 401.9037027359009
0.0 401.9349458217621
0.0 401.9661900997162
0.0 401.99743461608887
0.0 402.02867817878723
0.0 402.0755686759949
0.0 402.12243008613586
0.0 402.2475745677948
0.0 402.27862095832825
0.0 402.40378975868225
0.0 402.52858877182007
0.0 402.6691794395447
0.0 402.7943296432495
0.0 402.91935110092163
0.0 402.9503378868103
0.0 403.0755138397217
0.0 403.1848156452179
0.0 403.2942039966583
0.0 403.2942039966583
0.0 403.34087228775024
0.0 403.4033558368683
0.0 403.4190037250519
0.0 403.54415225982666
0.0 403.65350580215454
0.0 403.7666473388672
0.0 403.7822959423065
0.0 403.79788756370544
0.0 403.82912945747375
0.0 404.81330704689026
0.0 404.93845438957214
0.0 404.9539177417755
0.0 405.0790424346924
0.0 405.2194609642029
0.0 405.2506773471832
0.0 405.37584948539734
0.0 405.62579226493835
0.0 405.6412374973297
0.0 405.6724808216095
0.0 405.79767298698425
0.0 405.84431743621826
0.0 405.89115953445435
0.0 406.1413381099701
0.0 406.15674328804016
0.0 406.1723382472992
0.0 406.2818965911865
0.0 406.2973403930664
0.0 406.31293058395386
0.0 406.3441741466522
0.0 406.39103627204895
0.0 406.50049471855164
0.0 406.51603722572327
0.0 406.54728055000305
0.0 406.5941460132599
0.0 406.5941460132599
0.0 406.7192871570587
0.0 406.8443057537079
0.0 406.96922540664673
0.0 407.23459100723267
0.0 407.2658362388611
0.0 407.39103269577026
0.0 407.5160267353058
0.0 407.64095854759216
0.0 407.89071774482727
0.0 407.9219317436218
0.0 408.0471053123474
0.0 408.18752241134644
0.0 408.3127348423004
0.0 408.3593599796295
0.0 408.40622210502625
0.0 408.5313718318939
0.0 408.65630173683167
0.0 408.7030005455017
0.0 408.74271416664124
0.0 408.7739522457123
0.0 408.8990969657898
0.0 409.0240435600281
0.0 409.53939723968506
0.0 409.66459560394287
0.0 409.7739155292511
0.0 410.17987751960754
0.0 410.22671484947205
0.0 410.3362560272217
0.0 410.3829553127289
0.0 410.7580373287201
0.0 410.78910851478577
0.0 410.8047022819519
0.0 410.92992091178894
0.0 410.9609444141388
0.0 411.07047176361084
0.0 411.1954424381256
0.0 411.2108600139618
0.0 411.2577247619629
0.0 411.3045885562897
0.0 411.4452073574066
0.0 411.570360660553
0.0 411.6953911781311
0.0 411.7420153617859
0.0 411.7888491153717
0.0 411.9138231277466
0.0 412.0387935638428
0.0 412.085657119751
0.0 412.1325225830078
0.0 412.1794135570526
0.0 412.32000517845154
0.0 412.36684226989746
0.0 412.41373443603516
0.0 412.444949388504
0.0 412.57016468048096
0.0 412.57016468048096
0.0 412.60119104385376
0.0 412.61678314208984
0.0 412.6636791229248
0.0 412.8042678833008
0.0 412.92947483062744
0.0 413.0698301792145
0.0 413.22601866722107
0.0 413.24163913726807
0.0 413.3667862415314
0.0 413.491779088974
0.0 413.6167380809784
0.0 413.74178647994995
0.0 413.9916994571686
0.0 414.02273416519165
0.0 414.16333055496216
0.0 414.2885048389435
0.0 414.3351628780365
0.0 414.3820011615753
0.0 414.50710797309875
0.0 414.61643266677856
0.0 414.7725353240967
0.0 414.8977725505829
0.0 414.9443974494934
0.0 414.9756109714508
0.0 415.0068829059601
0.0 415.13206720352173
0.0 415.6162950992584
0.0 415.63171195983887
0.0 415.75687074661255
0.0 415.8035719394684
0.0 415.92877864837646
0.0 416.06913661956787
0.0 416.1003782749176
0.0 416.35029435157776
0.0 416.3971700668335
0.0 416.4596424102783
0.0 416.58477091789246
0.0 416.6315083503723
0.0 416.6627492904663
0.0 416.7096130847931
0.0 417.1313920021057
0.0 417.1469843387604
0.0 417.27215695381165
0.0 417.3971309661865
0.0 417.41258096694946
0.0 417.66272163391113
0.0 417.8031096458435
0.0 418.17824482917786
0.0 418.20926666259766
0.0 418.2561318874359
0.0 418.4123148918152
0.0 418.4591820240021
0.0 418.7560136318207
0.0 418.77160930633545
0.0 419.0217571258545
0.0 419.14652013778687
0.0 419.1934115886688
0.0 419.44357228279114
0.0 419.5684678554535
0.0 419.6779022216797
0.0 419.70889258384705
0.0 419.81846714019775
0.0 419.8651325702667
0.0 419.9902603626251
0.0 420.0369691848755
0.0 420.1465380191803
0.0 420.2087745666504
0.0 420.2087745666504
0.0 420.25566601753235
0.0 420.28688311576843
0.0 420.4430947303772
0.0 420.6930649280548
0.0 420.8492534160614
0.0 420.89614391326904
0.0 420.9273600578308
0.0 421.28667879104614
0.0 421.5367958545685
0.0 421.6615903377533
0.0 421.69283413887024
0.0 421.739697933197
0.0 421.7552981376648
0.0 421.88049936294556
0.0 421.89588379859924
0.0 422.0210061073303
0.0 422.0520968437195
0.0 422.067720413208
0.0 422.1929316520691
0.0 422.22393226623535
0.0 422.3491096496582
0.0 422.3801782131195
0.0 422.77071380615234
0.0 422.89586067199707
0.0 422.94254446029663
0.0 422.9893810749054
0.0 423.0206513404846
0.0 423.1710195541382
0.0 423.21788120269775
0.0 423.2647454738617
0.0 423.3740954399109
0.0 423.4992952346802
0.0 423.5459039211273
0.0 423.5771744251251
0.0 423.7021448612213
0.0 423.76460337638855
0.0 423.780255317688
0.0 423.7958462238312
0.0 423.8114969730377
0.0 423.8114969730377
0.0 423.93664383888245
0.0 423.99895310401917
0.0 424.0301949977875
0.0 424.1394693851471
0.0 424.24890637397766
0.0 424.29559302330017
0.0 424.42053723335266
0.0 424.5457489490509
0.0 424.92826652526855
0.0 425.0535123348236
0.0 425.17101526260376
0.0 425.2022852897644
0.0 425.32749223709106
0.0 425.35850048065186
0.0 425.48344445228577
0.0 425.6084153652191
0.0 425.643967628479
0.0 426.87806129455566
0.0 427.65970635414124
0.0 427.6909213066101
0.0 427.8161416053772
0.0 427.92550349235535
0.0 428.0348038673401
0.0 428.15976881980896
0.0 428.28468346595764
0.0 428.4155697822571
0.0 428.46243691444397
0.0 428.6186492443085
0.0 428.74387788772583
0.0 428.86871099472046
0.0 428.91545510292053
0.0 429.02483081817627
0.0 429.19663977622986
0.0 429.35285210609436
0.0 429.3997163772583
0.0 429.6653127670288
0.0 429.93084597587585
0.0 429.97773694992065
0.0 430.10327076911926
0.0 430.2284982204437
0.0 430.4625928401947
0.0 430.50945496559143
0.0 430.80623269081116
0.0 430.931471824646
0.0 431.0562174320221
0.0 431.18117594718933
0.0 431.29062128067017
0.0 431.5434880256653
0.0 431.5584943294525
0.0 431.60538959503174
0.0 431.65225100517273
0.0 431.7928183078766
0.0 431.8272454738617
0.0 431.8748388290405
0.0 432.0310535430908
0.0 432.1976685523987
0.0 432.21333527565
0.0 432.33852910995483
0.0 432.46323323249817
0.0 432.52575039863586
0.0 432.58820271492004
0.0 432.6975829601288
0.0 432.8694152832031
0.0 433.119357585907
0.0 433.2445056438446
0.0 433.29119396209717
0.0 433.4161400794983
0.0 433.4786219596863
0.0 433.49427032470703
0.0 433.6192445755005
0.0 433.7444272041321
0.0 433.8694157600403
0.0 434.02539706230164
0.0 434.0722334384918
0.0 434.1988217830658
0.0 434.37042570114136
0.0 434.4800293445587
0.0 434.60491967201233
0.0 434.72996282577515
0.0 434.87034034729004
0.0 434.995481967926
0.0 435.10474133491516
0.0 435.2298457622528
0.0 435.354779958725
0.0 435.4014368057251
0.0 435.6537582874298
0.0 435.7006502151489
0.0 435.8256607055664
0.0 436.07556557655334
0.0 436.2474012374878
0.0 436.372355222702
0.0 436.41923451423645
0.0 436.66926741600037
0.0 436.71601247787476
0.0 436.74728441238403
0.0 436.90349888801575
0.0 437.12374210357666
0.0 437.2331428527832
0.0 437.3735647201538
0.0 437.5141842365265
0.0 437.70164155960083
0.0 438.0765516757965
0.0 438.2022502422333
0.0 438.23349475860596
0.0 438.3430960178375
0.0 438.56174492836
0.0 438.68651485443115
0.0 438.7177836894989
0.0 438.74902629852295
0.0 438.87399530410767
0.0 439.1249120235443
0.0 439.34343695640564
0.0 439.57793378829956
0.0 439.8276996612549
0.0 439.87456130981445
0.0 439.8901822566986
0.0 439.9997138977051
0.0 440.030779838562
0.0 440.1410789489746
0.0 440.1721029281616
0.0 440.29709696769714
0.0 440.422260761261
0.0 440.54727268218994
0.0 440.5938732624054
0.0 440.7190980911255
0.0 440.84407091140747
0.0 440.968998670578
0.0 441.000031709671
0.0 441.03130197525024
0.0 441.0781362056732
0.0 441.23515462875366
0.0 441.37574791908264
0.0 441.5008068084717
0.0 441.5319633483887
0.0 441.65711092948914
0.0 441.89125514030457
0.0 442.0164580345154
0.0 442.0474669933319
0.0 442.18882942199707
0.0 442.48566198349
0.0 442.501256942749
0.0 442.5481491088867
0.0 442.67326617240906
0.0 442.8293037414551
0.0 442.96989703178406
0.0 442.96989703178406
0.0 443.4550015926361
0.0 443.58011841773987
0.0 443.70495104789734
0.0 443.75174498558044
0.0 443.89233779907227
0.0 444.04854941368103
0.0 444.1587643623352
0.0 444.2837324142456
0.0 444.533659696579
0.0 444.6490490436554
0.0 444.6903467178345
0.0 444.9248962402344
0.0 445.04981756210327
0.0 445.1599316596985
0.0 445.2066173553467
0.0 445.3161427974701
0.0 445.44114422798157
0.0 445.48777532577515
0.0 445.62836623191833
0.0 445.7846076488495
0.0 445.9097583293915
0.0 446.1604034900665
0.0 446.2852499485016
0.0 446.3477351665497
0.0 446.4728171825409
0.0 446.72264862060547
0.0 446.84764552116394
0.0 446.87886142730713
0.0 446.91013741493225
0.0 447.0506978034973
0.0 447.09894013404846
0.0 447.3327867984772
0.0 447.44216203689575
0.0 447.58271741867065
0.0 448.3021094799042
0.0 448.4583508968353
0.0 448.59894347190857
0.0 448.9894802570343
0.0 449.03634238243103
0.0 449.14679884910583
0.0 450.67821311950684
0.0 450.7877378463745
0.0 450.81874990463257
0.0 450.94369411468506
0.0 451.06869077682495
0.0 451.1944274902344
0.0 451.3040370941162
0.0 451.3506727218628
0.0 451.56954431533813
0.0 451.69455909729004
0.0 451.8195073604584
0.0 451.94446063041687
0.0 452.1009876728058
0.0 452.1483016014099
0.0 452.27347207069397
0.0 452.5234079360962
0.0 452.55448365211487
0.0 452.6013185977936
0.0 452.7264971733093
0.0 452.97650361061096
0.0 453.112487077713
0.0 453.22715067863464
0.0 453.3988127708435
0.0 453.64874958992004
0.0 453.6955895423889
0.0 453.7112355232239
0.0 453.99241971969604
0.0 454.10748982429504
0.0 454.14988112449646
0.0 454.2594509124756
0.0 454.3685519695282
0.0 454.5247642993927
0.0 454.571626663208
0.0 454.712256193161
0.0 454.74346375465393
0.0 454.8686046600342
0.0 454.99361085891724
0.0 455.110107421875
0.0 455.2288148403168
0.0 455.3537449836731
0.0 455.58806896209717
0.0 455.713093996048
0.0 455.94739723205566
0.0 455.9940552711487
0.0 456.1511595249176
0.0 456.2763650417328
0.0 456.4011368751526
0.0 456.5262944698334
0.0 456.57290863990784
0.0 456.82296681404114
0.0 456.854122877121
0.0 457.7920949459076
0.0 457.91709065437317
0.0 458.042293548584
0.0 458.0888993740082
0.0 458.1365728378296
0.0 458.27716755867004
0.0 458.52710795402527
0.0 458.6364576816559
0.0 458.8709571361542
0.0 458.9332356452942
0.0 459.0584592819214
0.0 459.18373227119446
0.0 459.32433319091797
0.0 459.54300022125244
0.0 459.7807939052582
0.0 459.8117980957031
0.0 459.9370048046112
0.0 460.0619213581085
0.0 460.1051754951477
0.0 460.35672187805176
0.0 460.48182129859924
0.0 460.73176169395447
0.0 460.85657954216003
0.0 460.903352022171
0.0 460.95021748542786
0.0 460.99708318710327
0.0 461.0283508300781
0.0 461.0595681667328
0.0 461.20097303390503
0.0 461.32617926597595
0.0 461.56023836135864
0.0 461.68537402153015
0.0 461.9820444583893
0.0 462.1115040779114
0.0 462.2798843383789
0.0 462.53003907203674
0.0 462.671671628952
0.0 462.78106021881104
0.0 463.03118991851807
0.0 463.0621771812439
0.0 463.17083835601807
0.0 463.4205996990204
0.0 463.6080279350281
0.0 463.7332570552826
0.0 463.8582100868225
0.0 463.92048358917236
0.0 463.9360795021057
0.0 464.17181515693665
0.0 464.45277404785156
0.0 464.6871829032898
0.0 464.827689409256
0.0 464.9526584148407
0.0 465.1256682872772
0.0 465.2506411075592
0.0 465.5005855560303
0.0 465.7349343299866
0.0 465.7817714214325
0.0 465.906902551651
0.0 465.9380097389221
0.0 466.0631580352783
0.0 466.32886815071106
0.0 466.4540784358978
0.0 466.7037537097931
0.0 466.7350227832794
0.0 467.14241456985474
0.0 467.1736536026001
0.0 467.2988040447235
0.0 467.4237790107727
0.0 467.5487461090088
0.0 467.68913316726685
0.0 467.81434082984924
0.0 467.93907380104065
0.0 467.97034454345703
0.0 467.98593831062317
0.0 468.03283500671387
0.0 468.0796949863434
0.0 468.1275761127472
0.0 468.17446851730347
0.0 468.4246287345886
0.0 468.4556255340576
0.0 468.5806291103363
0.0 468.7057466506958
0.0 468.76805305480957
0.0 468.87752771377563
0.0 468.98700737953186
0.0 469.1026725769043
0.0 469.2527401447296
0.0 469.5339250564575
0.0 469.69016551971436
0.0 469.86200046539307
0.0 469.8932149410248
0.0 469.92448568344116
0.0 470.0338079929352
0.0 470.160222530365
0.0 470.22247552871704
0.0 470.25369095802307
0.0 470.269314289093
0.0 470.5193555355072
0.0 470.56614780426025
0.0 470.69131660461426
0.0 470.7223346233368
0.0 470.8475697040558
0.0 470.97242736816406
0.0 471.10178208351135
0.0 471.2225625514984
0.0 471.3475995063782
0.0 471.48815655708313
0.0 471.61335849761963
0.0 471.9724259376526
0.0 472.1019399166107
0.0 472.222868680954
0.0 472.4727463722229
0.0 472.59793305397034
0.0 472.7226457595825
0.0 472.8478813171387
0.0 472.878888130188
0.0 472.91012954711914
0.0 472.9413721561432
0.0 473.06659865379333
0.0 473.2079875469208
0.0 473.2704985141754
0.0 473.28611946105957
0.0 473.4113235473633
0.0 473.52045249938965
0.0 473.64559054374695
0.0 473.77060103416443
0.0 473.8797719478607
0.0 473.9891016483307
0.0 474.103880405426
0.0 474.22389364242554
0.0 474.47377848625183
0.0 474.50486612319946
0.0 474.62995505332947
0.0 474.78607630729675
0.0 474.8329427242279
0.0 474.95812797546387
0.0 475.083119392395
0.0 475.5838465690613
0.0 475.70881819725037
0.0 475.95876932144165
0.0 476.2099709510803
0.0 478.27276062965393
0.0 478.3823125362396
0.0 478.5071110725403
0.0 478.7570550441742
0.0 478.8822054862976
0.0 479.12325525283813
0.0 479.36786699295044
0.0 479.61765718460083
0.0 479.74260115623474
0.0 479.7582497596741
0.0 479.88331365585327
0.0 480.02378606796265
0.0 480.070681810379
0.0 480.3421230316162
0.0 480.4530327320099
0.0 480.577999830246
0.0 480.70297145843506
0.0 480.8279469013214
0.0 480.9529142379761
0.0 481.2028546333313
0.0 481.3278477191925
0.0 481.48404121398926
0.0 481.60927724838257
0.0 481.65590262413025
0.0 481.78111457824707
0.0 481.8121163845062
0.0 481.93726325035095
0.0 481.9839518070221
0.0 482.1091048717499
0.0 482.2338674068451
0.0 482.35910630226135
0.0 482.4057295322418
0.0 482.436972618103
0.0 482.48383831977844
0.0 482.6087815761566
0.0 482.65564584732056
0.0 482.7808213233948
0.0 482.90561413764954
0.0 483.03081011772156
0.0 483.07745242118835
0.0 483.20258235931396
0.0 483.32756519317627
0.0 483.4679834842682
0.0 483.59317541122437
0.0 483.63981914520264
0.0 483.76501965522766
0.0 483.88991117477417
0.0 483.9366252422333
0.0 484.0615711212158
0.0 484.1868076324463
0.0 484.3115403652191
0.0 484.43648386001587
0.0 484.48337411880493
0.0 484.78018260002136
0.0 484.90522956848145
0.0 485.04574513435364
0.0 485.1709289550781
0.0 485.21757793426514
0.0 485.3427646160126
0.0 485.4676549434662
0.0 485.59270119667053
0.0 485.764301776886
0.0 485.8894045352936
0.0 485.95175528526306
0.0 486.0769944190979
0.0 486.2019100189209
0.0 486.24859046936035
0.0 486.37368178367615
0.0 486.498619556427
0.0 486.7640676498413
0.0 486.8109314441681
0.0 486.92034697532654
0.0 487.04537296295166
0.0 487.17042899131775
0.0 487.217089176178
0.0 487.373304605484
0.0 487.42019391059875
0.0 487.4670605659485
0.0 487.59224939346313
0.0 487.62324500083923
0.0 487.7484202384949
0.0 487.87335419654846
0.0 487.99839425086975
0.0 488.12325382232666
0.0 488.248304605484
0.0 488.40177869796753
0.0 488.51130723953247
0.0 488.5423741340637
0.0 488.6673195362091
0.0 488.9485297203064
0.0 489.1203637123108
0.0 489.13595843315125
0.0 489.63608264923096
0.0 489.6772298812866
0.0 489.80223536491394
0.0 489.9271733760834
0.0 490.0523784160614
0.0 490.17737078666687
0.0 490.3023145198822
0.0 490.48957109451294
0.0 490.61469316482544
0.0 490.73951148986816
0.0 490.8647015094757
0.0 490.989581823349
0.0 491.1146581172943
0.0 491.23948073387146
0.0 491.3645992279053
0.0 491.4893114566803
0.0 491.6299328804016
0.0 491.75511145591736
0.0 491.8800468444824
0.0 492.2704071998596
0.0 492.5205900669098
0.0 492.56721329689026
0.0 492.7078068256378
0.0 492.8329999446869
0.0 492.95774936676025
0.0 493.08293890953064
0.0 493.2079041004181
0.0 493.3328902721405
0.0 493.4578540325165
0.0 493.5201241970062
0.0 493.6453127861023
0.0 493.77027702331543
0.0 493.89525413513184
0.0 494.27016615867615
0.0 494.3011610507965
0.0 494.67618227005005
0.0 494.80121064186096
0.0 494.92626547813416
0.0 495.05115962028503
0.0 495.08223152160645
0.0 495.1917841434479
0.0 495.31655192375183
0.0 495.44162487983704
0.0 495.5667579174042
0.0 495.70708560943604
0.0 495.86332988739014
0.0 495.98847675323486
0.0 496.1133441925049
0.0 496.23833990097046
0.0 496.3634412288666
0.0 496.61324071884155
0.0 496.73834562301636
0.0 496.86327290534973
0.0 497.1132175922394
0.0 497.22250390052795
0.0 497.331907749176
0.0 497.45687079429626
0.0 497.48795080184937
0.0 497.61315870285034
0.0 497.753511428833
0.0 497.8159689903259
0.0 497.97221302986145
0.0 498.097421169281
0.0 498.1440486907959
0.0 498.26922821998596
0.0 498.40958070755005
0.0 498.65973114967346
0.0 498.70638847351074
0.0 498.82385182380676
0.0 498.88613295555115
0.0 499.01122760772705
0.0 499.1363341808319
0.0 499.2612519264221
0.0 499.5112462043762
0.0 499.76113533973694
0.0 499.8861289024353
0.0 500.0265226364136
0.0 500.19832706451416
0.0 500.35456919670105
0.0 500.63572692871094
0.0 500.7609672546387
0.0 500.8858964443207
0.0 501.2918510437012
0.0 501.41701889038086
0.0 501.6669645309448
0.0 501.7919034957886
0.0 501.91688537597656
0.0 502.05729818344116
0.0 502.10416173934937
0.0 502.27599716186523
0.0 502.4478359222412
0.0 502.46342611312866
0.0 502.5103189945221
0.0 502.76026248931885
0.0 502.88523602485657
0.0 503.18204069137573
0.0 503.309672832489
0.0 503.4348382949829
0.0 503.5598201751709
0.0 503.7844223976135
0.0 503.9094934463501
0.0 504.03435039520264
0.0 504.15939807891846
0.0 504.28425908088684
0.0 504.4093108177185
0.0 504.47162199020386
0.0 504.5811507701874
0.0 504.6278073787689
0.0 504.7683997154236
0.0 504.79966950416565
0.0 504.9246163368225
0.0 505.04958724975586
0.0 505.1745865345001
0.0 505.2995276451111
0.0 505.54951095581055
0.0 505.799613237381
0.0 505.9244112968445
0.0 506.04937982559204
0.0 506.17456436157227
0.0 506.2212166786194
0.0 506.4713304042816
0.0 506.59610414505005
0.0 506.72119879722595
0.0 506.8462483882904
0.0 506.89293360710144
0.0 506.92417550086975
0.0 507.17430114746094
0.0 507.31468319892883
0.0 507.43975615501404
0.0 507.56488037109375
0.0 507.7057330608368
0.0 507.85314869880676
0.0 508.0105791091919
0.0 508.14322304725647
0.0 508.2635705471039
0.0 508.3834619522095
0.0 508.74355840682983
0.0 508.86337447166443
0.0 508.9836423397064
0.0 509.09355115890503
0.0 509.2432360649109
0.0 509.283495426178
0.0 509.5436155796051
0.0 509.5932581424713
0.0 509.7458643913269
0.0 509.85541892051697
0.0 510.0114300251007
0.0 510.1365990638733
0.0 510.1988821029663
0.0 510.3240702152252
0.0 510.44908022880554
0.0 510.49571347236633
0.0 510.55820083618164
0.0 510.5894441604614
0.0 510.71463537216187
0.0 510.8394732475281
0.0 510.94891381263733
0.0 511.07370710372925
0.0 511.198855638504
0.0 511.3237941265106
0.0 511.44883966445923
0.0 511.6048352718353
0.0 511.7610228061676
0.0 511.8861835002899
0.0 512.0112240314484
0.0 512.1515545845032
0.0 512.2767834663391
0.0 512.4016845226288
0.0 512.4483888149261
0.0 512.5733604431152
0.0 512.6899387836456
0.0 512.8093056678772
0.0 512.9344282150269
0.0 513.0594508647919
0.0 513.1843817234039
0.0 513.3094234466553
0.0 513.4810540676117
0.0 513.6060016155243
0.0 513.7219882011414
0.0 513.7532021999359
0.0 513.878431558609
0.0 514.0031695365906
0.0 514.1281404495239
0.0 514.2530853748322
0.0 514.378301858902
0.0 514.5032269954681
0.0 514.624452829361
0.0 514.6711699962616
0.0 514.7962377071381
0.0 514.9213480949402
0.0 514.9523274898529
0.0 515.0775532722473
0.0 515.2024533748627
0.0 515.2178938388824
0.0 515.3274505138397
0.0 515.358484506607
0.0 515.4053461551666
0.0 515.5615918636322
0.0 515.6082034111023
0.0 515.7333571910858
0.0 515.7800467014313
0.0 516.0301880836487
0.0 516.1550436019897
0.0 516.2711839675903
0.0 516.2865738868713
0.0 516.6408596038818
0.0 516.7658898830414
0.0 516.8907904624939
0.0 517.2657563686371
0.0 517.5623314380646
0.0 517.6786534786224
0.0 517.7193262577057
0.0 517.847570180893
0.0 517.9726269245148
0.0 518.2150394916534
0.0 518.3191063404083
0.0 518.4338743686676
0.0 518.5418035984039
0.0 518.6665463447571
0.0 518.8227579593658
0.0 518.9478468894958
0.0 519.072728395462
0.0 519.1979124546051
0.0 519.1979124546051
0.0 519.3226704597473
0.0 519.4321920871735
0.0 519.5571553707123
0.0 519.7974064350128
0.0 520.1723439693451
0.0 520.4225325584412
0.0 520.5474972724915
0.0 520.6535630226135
0.0 520.7786071300507
0.0 521.1535217761993
0.0 521.2785019874573
0.0 521.4034516811371
0.0 521.5284378528595
0.0 521.6687672138214
0.0 521.7939374446869
0.0 521.9189305305481
0.0 521.9499800205231
0.0 521.9968438148499
0.0 522.1219873428345
0.0 522.1530563831329
0.0 522.2782700061798
0.0 522.4032232761383
0.0 522.5281429290771
0.0 522.6390240192413
0.0 522.7637326717377
0.0 522.8889746665955
0.0 523.0449178218842
0.0 523.1545324325562
0.0 523.310480594635
0.0 523.4354526996613
0.0 523.4823157787323
0.0 523.6073269844055
0.0 523.7211873531342
0.0 523.8930218219757
0.0 524.033616065979
0.0 524.1588187217712
0.0 524.3148083686829
0.0 524.5649564266205
0.0 524.8271412849426
0.0 524.9523344039917
0.0 525.0773255825043
0.0 525.1239469051361
0.0 525.2491898536682
0.0 525.2801737785339
0.0 525.4053745269775
0.0 525.4519979953766
0.0 525.7030403614044
0.0 525.828019618988
0.0 525.8433887958527
0.0 525.9685287475586
0.0 526.0152587890625
0.0 526.1247611045837
0.0 526.280816078186
0.0 526.4059965610504
0.0 526.4526228904724
0.0 526.5778212547302
0.0 526.7036519050598
0.0 526.7503094673157
0.0 526.8753817081451
0.0 527.0002818107605
0.0 527.0471453666687
0.0 527.1723220348358
0.0 527.4565017223358
0.0 527.7043888568878
0.0 527.751143693924
0.0 527.8761842250824
0.0 528.0012016296387
0.0 528.1572983264923
0.0 528.2666504383087
0.0 528.388662815094
0.0 528.5215427875519
0.0 528.6294553279877
0.0 528.677451133728
0.0 528.8026497364044
0.0 528.9274196624756
0.0 529.0506541728973
0.0 529.1638374328613
0.0 529.2655651569366
0.0 529.3702976703644
0.0 529.4835104942322
0.0 529.6090836524963
0.0 529.6559414863586
0.0 529.8121566772461
0.0 530.0519046783447
0.0 530.3580873012543
0.0 530.4648003578186
0.0 530.5705914497375
0.0 531.211877822876
0.0 531.3594830036163
0.0 531.4622128009796
0.0 531.5759100914001
0.0 531.7075598239899
0.0 531.8130462169647
0.0 531.9168615341187
0.0 532.1231770515442
0.0 532.2239751815796
0.0 532.2552464008331
0.0 532.3730661869049
0.0 532.504736661911
0.0 532.7065770626068
0.0 532.810736656189
0.0 532.9713544845581
0.0 533.0724346637726
0.0 533.184121131897
0.0 533.2882997989655
0.0 533.3072783946991
0.0 533.3541421890259
0.0 533.4576194286346
0.0 533.5846545696259
0.0 533.7882280349731
0.0 533.9029216766357
0.0 534.1073818206787
0.0 534.212100982666
0.0 534.2440164089203
0.0 534.6526198387146
0.0 534.7573463916779
0.0 534.9907114505768
0.0 535.1981565952301
0.0 535.4036078453064
0.0 535.5262830257416
0.0 535.6310031414032
0.0 535.8354570865631
0.0 535.9391810894012
0.0 536.0758159160614
0.0 536.2822630405426
0.0 536.4278988838196
0.0 537.0031723976135
0.0 537.2076020240784
0.0 537.5397098064423
0.0 537.9944949150085
0.0 538.0987329483032
0.0 538.2024552822113
0.0 538.6402540206909
0.0 538.7559444904327
0.0 539.1947069168091
0.0 539.5002911090851
0.0 539.5393271446228
0.0 539.6655414104462
0.0 539.8139028549194
0.0 539.9225168228149
0.0 540.3627526760101
0.0 540.6739203929901
0.0 540.9791045188904
0.0 541.3231863975525
0.0 541.5276391506195
0.0 541.6436839103699
0.0 541.8615832328796
0.0 541.9004802703857
0.0 541.9424517154694
0.0 542.0572605133057
0.0 542.2746386528015
0.0 542.4781229496002
0.0 542.7842750549316
0.0 543.0131802558899
0.0 543.2367372512817
0.0 543.3498136997223
0.0 543.4734425544739
0.0 543.5761682987213
0.0 543.6798906326294
0.0 543.7836139202118
0.0 543.8015670776367
0.0 543.9312191009521
0.0 544.0369374752045
0.0 544.1709604263306
0.0 544.19788813591
0.0 544.4434895515442
0.0 544.5832843780518
0.0 544.7877717018127
0.0 545.0069119930267
0.0 545.028879404068
0.0 545.0737311840057
0.0 545.6189246177673
0.0 545.9272654056549
0.0 546.1546576023102
0.0 546.3820493221283
0.0 546.6882328987122
0.0 546.8230361938477
0.0 546.9724822044373
0.0 547.4023337364197
0.0 547.5050601959229
0.0 547.7096447944641
0.0 547.818719625473
0.0 547.9693076610565
0.0 548.2246251106262
0.0 548.3303437232971
0.0 548.4429097175598
0.0 548.6176750659943
0.0 548.7336237430573
0.0 548.9753799438477
0.0 549.0791015625
0.0 549.3097848892212
0.0 549.4354507923126
0.0 549.5527698993683
0.0 549.7044551372528
0.0 549.7513477802277
0.0 549.7982132434845
0.0 549.9075336456299
0.0 550.0168836116791
0.0 550.2668597698212
0.0 550.3920135498047
0.0 550.4074444770813
0.0 550.5323886871338
0.0 550.6647169589996
0.0 551.0396244525909
0.0 551.266649723053
0.0 551.2978928089142
0.0 551.423672914505
0.0 551.5647885799408
0.0 551.6116232872009
0.0 551.8673613071442
0.0 552.1172761917114
0.0 552.2268748283386
0.0 552.2734911441803
0.0 552.3830490112305
0.0 552.6484298706055
0.0 552.8836295604706
0.0 553.2117047309875
0.0 553.3676624298096
0.0 553.4926607608795
0.0 553.9741878509521
0.0 554.0991322994232
0.0 554.1459934711456
0.0 554.2553431987762
0.0 554.6961543560028
0.0 554.7430291175842
0.0 554.9929611682892
0.0 555.1181087493896
0.0 555.242972612381
0.0 555.3680469989777
0.0 555.4929623603821
0.0 555.7896506786346
0.0 556.1427912712097
0.0 556.294454574585
0.0 556.6807174682617
0.0 557.0511457920074
0.0 557.1134686470032
0.0 557.2540910243988
0.0 557.5042703151703
0.0 557.6650040149689
0.0 557.83686876297
0.0 557.8680837154388
0.0 557.9776396751404
0.0 558.1024034023285
0.0 558.2430191040039
0.0 558.3992364406586
0.0 558.5244073867798
0.0 558.7741215229034
0.0 559.0242729187012
0.0 559.2742249965668
0.0 559.3989760875702
0.0 559.4235622882843
0.0 559.4548110961914
0.0 559.4704310894012
0.0 559.5955038070679
0.0 559.6984167098999
0.0 559.8234205245972
0.0 559.8701429367065
0.0 560.1223106384277
0.0 560.2473282814026
0.0 560.7567436695099
0.0 560.7879855632782
0.0 560.8192315101624
0.0 560.9443783760071
0.0 561.194146156311
0.0 561.3503303527832
0.0 561.4598882198334
0.0 561.5846495628357
0.0 561.7168383598328
0.0 561.8420345783234
0.0 562.2167193889618
0.0 562.3418824672699
0.0 562.5291180610657
0.0 562.5760116577148
0.0 562.6228783130646
0.0 562.7323899269104
0.0 562.7790961265564
0.0 562.8259546756744
0.0 562.9510097503662
0.0 563.2061586380005
0.0 563.3779964447021
0.0 563.4092371463776
0.0 563.5342075824738
0.0 563.7651417255402
0.0 563.8901128768921
0.0 564.0151154994965
0.0 564.1400904655457
0.0 564.265055179596
0.0 564.3901443481445
0.0 564.6495971679688
0.0 564.7747702598572
0.0 564.8214354515076
0.0 564.9466316699982
0.0 564.9620552062988
0.0 565.243241071701
0.0 565.5556375980377
0.0 565.6806125640869
0.0 565.8058383464813
0.0 565.9305956363678
0.0 566.0556924343109
0.0 566.3114614486694
0.0 566.685652256012
0.0 566.857301235199
0.0 566.9824438095093
0.0 567.1074252128601
0.0 567.1541230678558
0.0 567.5289919376373
0.0 567.6710095405579
0.0 567.7959477901459
0.0 567.9209208488464
0.0 567.9521617889404
0.0 568.0773956775665
0.0 568.1240270137787
0.0 568.2646193504333
0.0 568.2802376747131
0.0 568.4053883552551
0.0 568.5458054542542
0.0 568.5926666259766
0.0 568.9676761627197
0.0 569.2487659454346
0.0 569.4205996990204
0.0 569.5455720424652
0.0 569.5924341678619
0.0 569.703364610672
0.0 569.7343864440918
0.0 569.7656285762787
0.0 570.1717810630798
0.0 570.4219434261322
0.0 570.6726202964783
0.0 570.7975814342499
0.0 570.8285667896271
0.0 571.1097521781921
0.0 571.156614780426
0.0 571.2816879749298
0.0 571.406712770462
0.0 571.7590823173523
0.0 572.0088269710541
0.0 572.368232011795
0.0 572.3837699890137
0.0 572.5087153911591
0.0 573.0088319778442
0.0 573.0242426395416
0.0 573.1471753120422
0.0 573.2721576690674
0.0 573.3187892436981
0.0 573.4439914226532
0.0 573.5843517780304
0.0 573.6971998214722
0.0 573.822217464447
0.0 573.8375878334045
0.0 574.0094509124756
0.0 574.2595376968384
0.0 574.5095734596252
0.0 574.8061394691467
0.0 575.0561099052429
0.0 575.5559682846069
0.0 575.8083865642548
0.0 575.9335315227509
0.0 576.0739479064941
0.0 576.1208157539368
0.0 576.2770280838013
0.0 576.5272071361542
0.0 576.6520626544952
0.0 576.7925314903259
0.0 576.8081512451172
0.0 576.9487473964691
0.0 577.0736894607544
0.0 577.104959487915
0.0 577.1518239974976
0.0 577.276772737503
0.0 577.4329800605774
0.0 577.7967412471771
0.0 577.9216558933258
0.0 578.4539239406586
0.0 578.5790555477142
0.0 578.7328641414642
0.0 578.8423202037811
0.0 578.9671845436096
0.0 579.0921258926392
0.0 579.1390180587769
0.0 579.2640743255615
0.0 579.3890511989594
0.0 579.5139029026031
0.0 579.6388757228851
0.0 579.8890268802643
0.0 580.2639744281769
0.0 580.9369404315948
0.0 581.0464639663696
0.0 581.1714942455292
0.0 581.4214305877686
0.0 581.5463902950287
0.0 581.9220564365387
0.0 581.95303606987
0.0 582.2213401794434
0.0 582.3515613079071
0.0 582.7264502048492
0.0 582.8516004085541
0.0 582.9763910770416
0.0 583.1170115470886
0.0 583.3825752735138
0.0 583.507732629776
0.0 583.632749080658
0.0 583.6965453624725
0.0 583.8216211795807
0.0 583.8527328968048
0.0 583.8996257781982
0.0 584.1495769023895
0.0 584.3997392654419
0.0 584.4463453292847
0.0 584.571583032608
0.0 584.6964960098267
0.0 584.8215210437775
0.0 584.946430683136
0.0 585.0714545249939
0.0 585.196426153183
0.0 585.3057315349579
0.0 585.4773836135864
0.0 585.6179761886597
0.0 585.73326420784
0.0 585.8582143783569
0.0 585.9824891090393
0.0 586.4824259281158
0.0 586.6039290428162
0.0 586.7302267551422
0.0 586.9020564556122
0.0 587.0272450447083
0.0 587.0582451820374
0.0 587.1675987243652
0.0 587.2144865989685
0.0 587.464605808258
0.0 587.5895414352417
0.0 587.6992816925049
0.0 587.949215888977
0.0 588.1207973957062
0.0 588.2614176273346
0.0 588.3707382678986
0.0 588.5179796218872
0.0 588.5804657936096
0.0 588.711252450943
0.0 588.7425065040588
0.0 588.7737085819244
0.0 588.8989415168762
0.0 589.0082128047943
0.0 589.0392813682556
0.0 589.1644535064697
0.0 589.179895401001
0.0 589.3048350811005
0.0 589.4298350811005
0.0 589.5547769069672
0.0 589.6798589229584
0.0 589.8359603881836
0.0 589.992175579071
0.0 590.132794380188
0.0 590.1640343666077
0.0 590.4140725135803
0.0 590.5389220714569
0.0 590.5857865810394
0.0 590.6975317001343
0.0 590.8225259780884
0.0 591.0726938247681
0.0 591.2443096637726
0.0 591.2911715507507
0.0 591.4027478694916
0.0 591.7450318336487
0.0 591.9949893951416
0.0 592.7450032234192
0.0 592.9010393619537
0.0 593.0572526454926
0.0 593.6689491271973
0.0 593.684574842453
0.0 593.7314360141754
0.0 593.9813854694366
0.0 594.1063225269318
0.0 594.2781875133514
0.0 594.5218176841736
0.0 594.5371930599213
0.0 594.5840647220612
0.0 594.7008354663849
0.0 595.01318359375
0.0 595.1384069919586
0.0 595.2633292675018
0.0 595.3100218772888
0.0 595.4506132602692
0.0 595.5130970478058
0.0 595.528715133667
0.0 595.7788786888123
0.0 596.0287799835205
0.0 596.1691644191742
0.0 596.2943427562714
0.0 596.4191675186157
0.0 596.5753464698792
0.0 596.6872551441193
0.0 596.8590261936188
0.0 596.9841613769531
0.0 597.0152382850647
0.0 597.030886888504
0.0 597.1402790546417
0.0 597.2497663497925
0.0 597.3901841640472
0.0 597.515371799469
0.0 597.5307714939117
0.0 597.6474809646606
0.0 597.6878175735474
0.0 597.93794298172
0.0 598.1878833770752
0.0 598.2345662117004
0.0 598.3751316070557
0.0 598.6253159046173
0.0 598.8845796585083
0.0 598.9158248901367
0.0 599.0564148426056
0.0 599.0720386505127
0.0 599.2282514572144
0.0 599.2751138210297
0.0 599.2907342910767
0.0 599.4159290790558
0.0 599.5407650470734
0.0 599.6656503677368
0.0 599.946831703186
0.0 600.1970062255859
0.0 600.2436411380768
0.0 600.3687312602997
0.0 600.4937646389008
0.0 600.5404462814331
0.0 600.9170138835907
0.0 600.9480817317963
0.0 601.0730233192444
0.0 601.1982607841492
0.0 601.3229637145996
0.0 601.4481916427612
0.0 601.5729331970215
0.0 601.6197710037231
0.0 601.7447407245636
0.0 601.8853325843811
0.0 602.1352758407593
0.0 602.2602715492249
0.0 602.3852179050446
0.0 602.5570793151855
0.0 602.9633512496948
0.0 603.3539130687714
0.0 603.4791233539581
0.0 603.6038539409637
0.0 603.7121858596802
0.0 603.7588229179382
0.0 603.8718764781952
0.0 603.8873233795166
0.0 603.9497809410095
0.0 603.9966740608215
0.0 604.1218800544739
0.0 604.2468495368958
0.0 604.3718252182007
0.0 604.3872065544128
0.0 604.5123977661133
0.0 604.759096622467
0.0 604.868330001831
0.0 605.0088224411011
0.0 605.3837115764618
0.0 605.508939743042
0.0 605.7484631538391
0.0 605.779705286026
0.0 605.795325756073
0.0 605.920471906662
0.0 606.0454452037811
0.0 606.0921046733856
0.0 606.2173430919647
0.0 606.2639393806458
0.0 606.4201571941376
0.0 606.5763673782349
0.0 606.7013640403748
0.0 606.8731718063354
0.0 606.920063495636
0.0 607.2168715000153
0.0 607.4667859077454
0.0 607.7664859294891
0.0 607.888046503067
0.0 608.0596759319305
0.0 608.2315428256989
0.0 608.4655232429504
0.0 608.5904197692871
0.0 608.7280604839325
0.0 608.8842730522156
0.0 609.0092720985413
0.0 609.1342444419861
0.0 609.2594537734985
0.0 609.3060777187347
0.0 609.4935321807861
0.0 609.5247502326965
0.0 609.5559928417206
0.0 609.6811671257019
0.0 609.7122373580933
0.0 609.8374004364014
0.0 610.2123317718506
0.0 610.2433326244354
0.0 610.4933030605316
0.0 610.6182446479797
0.0 610.7512183189392
0.0 610.8764019012451
0.0 611.0011312961578
0.0 611.3762757778168
0.0 611.6262211799622
0.0 611.7457849979401
0.0 612.0112597942352
0.0 612.1364479064941
0.0 612.261381149292
0.0 612.386146068573
0.0 612.5113787651062
0.0 612.6362724304199
0.0 612.6673316955566
0.0 612.7925417423248
0.0 612.8391935825348
0.0 612.9643993377686
0.0 613.1359987258911
0.0 613.2609705924988
0.0 613.3861548900604
0.0 613.5265345573425
0.0 613.542153596878
0.0 613.6673021316528
0.0 613.7867341041565
0.0 613.9119627475739
0.0 614.0366768836975
0.0 614.4117934703827
0.0 614.4428603649139
0.0 614.5678079128265
0.0 614.614696264267
0.0 614.7325406074524
0.0 614.7792251110077
0.0 614.9044358730316
0.0 615.0294020175934
0.0 615.1387028694153
0.0 615.294732093811
0.0 615.6698160171509
0.0 615.7164833545685
0.0 615.7633721828461
0.0 615.9311861991882
0.0 616.0563020706177
0.0 616.3061010837555
0.0 616.4310467243195
0.0 616.556266784668
0.0 616.6873941421509
0.0 616.6873941421509
0.0 616.9529311656952
0.0 616.99982380867
0.0 617.1560423374176
0.0 617.281049489975
0.0 617.3122560977936
0.0 617.4217736721039
0.0 617.5311260223389
0.0 617.5778169631958
0.0 617.7034900188446
0.0 617.7410304546356
0.0 618.0066208839417
0.0 618.1317746639252
0.0 618.1940779685974
0.0 618.3192539215088
0.0 618.5691947937012
0.0 618.6816668510437
0.0 618.7129104137421
0.0 619.1321206092834
0.0 619.4132697582245
0.0 619.5228407382965
0.0 619.762008190155
0.0 619.8870253562927
0.0 619.9336702823639
0.0 620.1055016517639
0.0 620.2307074069977
0.0 620.652247428894
0.0 620.7774538993835
0.0 620.905309677124
0.0 621.0302653312683
0.0 621.061288356781
0.0 621.2018806934357
0.0 621.2331299781799
0.0 621.3736894130707
0.0 621.5299317836761
0.0 621.6551322937012
0.0 621.7801113128662
0.0 621.8111155033112
0.0 621.9362833499908
0.0 622.0612757205963
0.0 622.1862251758575
0.0 622.3112390041351
0.0 622.6233990192413
0.0 622.7498922348022
0.0 622.8750298023224
0.0 622.921683549881
0.0 622.9841396808624
0.0 623.0154111385345
0.0 623.1405398845673
0.0 623.265538930893
0.0 623.3904712200165
0.0 623.5155217647552
0.0 623.6479227542877
0.0 623.766592502594
0.0 623.9069218635559
0.0 624.1569843292236
0.0 624.3287312984467
0.0 624.4382526874542
0.0 624.5632882118225
0.0 624.6803946495056
0.0 624.8208134174347
0.0 625.5708746910095
0.0 626.4766523838043
0.0 626.7282719612122
0.0 626.8532822132111
0.0 626.8842816352844
0.0 626.9155542850494
0.0 627.0406737327576
0.0 627.1656765937805
0.0 627.2123584747314
0.0 627.3841931819916
0.0 627.509162902832
0.0 627.6342587471008
0.0 628.0402891635895
0.0 628.1808824539185
0.0 628.9176008701324
0.0 629.0428056716919
0.0 629.6674003601074
0.0 629.7923982143402
0.0 629.9175984859467
0.0 630.0922138690948
0.0 630.1391084194183
0.0 630.2643179893494
0.0 630.5452671051025
0.0 630.6704668998718
0.0 630.9203810691833
0.0 631.1703522205353
0.0 631.42027759552
0.0 631.5450041294098
0.0 631.6726367473602
0.0 631.7976183891296
0.0 631.9225924015045
0.0 632.0475571155548
0.0 632.0941858291626
0.0 632.2193288803101
0.0 632.3441247940063
0.0 632.453649520874
0.0 632.5786845684052
0.0 632.7510204315186
0.0 632.8759920597076
0.0 633.0477993488312
0.0 633.172774553299
0.0 633.2980024814606
0.0 633.4229855537415
0.0 633.4539835453033
0.0 633.485196352005
0.0 633.6101701259613
0.0 633.9692664146423
0.0 634.3442747592926
0.0 634.4693496227264
0.0 634.8213040828705
0.0 634.8368265628815
0.0 635.3368797302246
0.0 635.3679504394531
0.0 635.5241663455963
0.0 635.7727596759796
0.0 635.89790391922
0.0 636.1478457450867
0.0 636.3976547718048
0.0 636.5382037162781
0.0 636.6966650485992
0.0 636.806244134903
0.0 636.9312558174133
0.0 637.2278192043304
0.0 637.3530006408691
0.0 637.587286233902
0.0 637.712299823761
0.0 637.8372883796692
0.0 637.8839185237885
0.0 638.0090599060059
0.0 638.2588028907776
0.0 638.3838033676147
0.0 638.5089902877808
0.0 638.6339590549469
0.0 638.6694574356079
0.0 638.794600725174
0.0 638.9195423126221
0.0 639.028933763504
0.0 639.1539571285248
0.0 639.4038372039795
0.0 639.4348781108856
0.0 639.4817740917206
0.0 639.6379811763763
0.0 639.7629640102386
0.0 639.8881599903107
0.0 639.9347879886627
0.0 640.0599374771118
0.0 640.6065068244934
0.0 640.8435263633728
0.0 640.9995608329773
0.0 641.1247386932373
0.0 641.6246001720428
0.0 641.7504556179047
0.0 641.8751976490021
0.0 642.5002782344818
0.0 642.8689818382263
0.0 642.9156804084778
0.0 643.3374538421631
0.0 643.8529336452484
0.0 644.1031169891357
0.0 644.2278747558594
0.0 644.3529999256134
0.0 644.4934365749359
0.0 644.7449705600739
0.0 644.8853757381439
0.0 645.0105888843536
0.0 645.2604675292969
0.0 645.385260105133
0.0 645.5532989501953
0.0 645.6836693286896
0.0 645.8554744720459
0.0 645.9806478023529
0.0 646.1056222915649
0.0 646.2306427955627
0.0 646.2460367679596
0.0 646.371239900589
0.0 646.5271949768066
0.0 646.7773251533508
0.0 646.8240263462067
0.0 647.0740075111389
0.0 648.4347476959229
0.0 648.4501309394836
0.0 648.8250133991241
0.0 648.9656059741974
0.0 649.0905768871307
0.0 649.2311992645264
0.0 649.3873834609985
0.0 649.5123541355133
0.0 649.6373541355133
0.0 649.6702201366425
0.0 649.9514031410217
0.0 649.9670257568359
0.0 650.1076185703278
0.0 650.2328321933746
0.0 650.5293955802917
0.0 650.6699879169464
0.0 650.7168242931366
0.0 650.8419981002808
0.0 651.0917632579803
0.0 651.3418817520142
0.0 651.4669013023376
0.0 651.5917556285858
0.0 651.8432021141052
0.0 651.9680781364441
0.0 652.2182235717773
0.0 652.249235868454
0.0 652.4210970401764
0.0 652.8279659748077
0.0 652.953174829483
0.0 653.0780827999115
0.0 653.2030699253082
0.0 653.3434715270996
0.0 653.4686200618744
0.0 653.6246292591095
0.0 653.9927880764008
0.0 654.1177430152893
0.0 654.1644325256348
0.0 654.2893748283386
0.0 654.41454911232
0.0 654.7142009735107
0.0 654.8814699649811
0.0 655.3775551319122
0.0 655.7451231479645
0.0 655.8702330589294
0.0 655.9951224327087
0.0 656.1202375888824
0.0 656.1668601036072
0.0 656.2920730113983
0.0 656.3230729103088
0.0 656.448043346405
0.0 656.5886082649231
0.0 656.8854434490204
0.0 657.0106365680695
0.0 657.0572776794434
0.0 657.30744099617
0.0 657.4477846622467
0.0 657.6040282249451
0.0 657.7617390155792
0.0 658.058568239212
0.0 658.1054353713989
0.0 658.3554754257202
0.0 658.402242898941
0.0 658.5273909568787
0.0 658.6833996772766
0.0 658.9489905834198
0.0 659.0739300251007
0.0 659.199107170105
0.0 659.214551448822
0.0 659.2613863945007
0.0 659.4176268577576
